# callgrind format
version: 1
creator: callgrind-3.18.1
pid: 52379
cmd:  ./myknn train.bin query.bin
part: 1


desc: I1 cache: 
desc: D1 cache: 
desc: LL cache: 

desc: Timerange: Basic block 0 - 32223443364
desc: Trigger: Program termination

positions: line
events: Ir
summary: 186888725405


ob=(4) /usr/lib/x86_64-linux-gnu/libm.so.6
fl=(133) ./math/../sysdeps/x86_64/fpu/multiarch/e_expf.c
fn=(422) expf@@GLIBC_2.27
27 1
fi=(130) ./math/../sysdeps/x86_64/fpu/multiarch/ifunc-fma.h
+2 4
+1 3
fe=(133)
-3 1

fl=(144) ./math/../sysdeps/x86_64/fpu/multiarch/s_fma.c
fn=(462) fma
49 6

fl=(131) ./math/../sysdeps/x86_64/fpu/multiarch/e_exp.c
fn=(418) __exp_finite@GLIBC_2.15
27 1
fi=(132) ./math/../sysdeps/x86_64/fpu/multiarch/ifunc-avx-fma4.h
+5 5
+1 2
fe=(131)
-6 1

fl=(146) ./math/../sysdeps/x86_64/fpu/multiarch/e_atan2.c
fn=(472) __atan2_finite@GLIBC_2.15
26 1
fi=(132)
+6 5
+1 2
fe=(146)
-7 1

fl=(140) ./math/../sysdeps/x86_64/fpu/multiarch/e_log2f.c
fn=(446) log2f@@GLIBC_2.27
27 1
fi=(130)
+2 4
+1 3
fe=(140)
-3 1

fl=(143) ./math/../sysdeps/x86_64/fpu/multiarch/s_sinf.c
fn=(458) sinf
26 1
fi=(130)
+3 4
+1 3
fe=(143)
-4 1

fl=(169) ???
fn=(900) 0x000000000000e3b0
0 5

fn=(890) 0x000000000000e420
0 9
cob=(2) ???
cfi=(51) ???
cfn=(896) 0x00000000048661e0
calls=1 0 
0 74
0 1
cfn=(900)
calls=1 0 
0 5
0 3

fn=(578) 0x000000000000e460
0 12

fl=(129) ./math/../sysdeps/x86_64/fpu/multiarch/s_cosf.c
fn=(414) cosf
26 1
fi=(130)
+3 4
+1 3
fe=(129)
-4 1

fl=(138) ./math/../sysdeps/x86_64/fpu/multiarch/e_pow.c
fn=(442) __pow_finite@GLIBC_2.15
27 1
fi=(139) ./math/../sysdeps/x86_64/fpu/multiarch/ifunc-fma4.h
+4 4
+1 2
fe=(138)
-5 1

fl=(136) ./math/../sysdeps/x86_64/fpu/multiarch/s_sincosf.c
fn=(434) sincosf
26 1
fi=(130)
+3 4
+1 3
fe=(136)
-4 1

fl=(142) ./math/../sysdeps/x86_64/fpu/multiarch/e_asin.c
fn=(464) __asin_finite@GLIBC_2.15
27 1
fi=(139)
+4 4
+1 2
fe=(142)
-5 1

fn=(454) __acos_finite@GLIBC_2.15
35 1
fi=(139)
-4 4
+1 2
+3 1
fe=(142)

fl=(135) ./math/../sysdeps/x86_64/fpu/multiarch/e_logf.c
fn=(430) logf@@GLIBC_2.27
27 1
fi=(130)
+2 4
+1 3
fe=(135)
-3 1

fl=(145) ./math/../sysdeps/x86_64/fpu/multiarch/e_exp2f.c
fn=(468) exp2f@@GLIBC_2.27
27 1
fi=(130)
+2 4
+1 3
fe=(145)
-3 1

fl=(137) ./math/../sysdeps/x86_64/fpu/multiarch/e_powf.c
fn=(438) powf@@GLIBC_2.27
30 1
fi=(130)
-1 4
+1 4
fe=(137)

fl=(141) ./math/../sysdeps/x86_64/fpu/multiarch/e_log.c
fn=(450) __log_finite@GLIBC_2.15
27 1
fi=(132)
+5 5
+1 2
fe=(141)
-6 1

fl=(134) ./math/../sysdeps/x86_64/fpu/multiarch/s_sin.c
fn=(426) cos
34 1
fi=(132)
-2 5
+1 2
fe=(134)
+1 1

fn=(476) sin
27 1
fi=(132)
+5 5
+1 2
fe=(134)
-6 1

ob=(3) /usr/lib/x86_64-linux-gnu/libc.so.6
fl=(220) ./io/../sysdeps/unix/sysv/linux/write.c
fn=(820) write
25 46
+1 322
+1 46

fl=(174) ./setjmp/../sysdeps/x86_64/bsd-_setjmp.S
fn=(612) _setjmp
28 1
+2 1
+2 1
cfi=(175) ./setjmp/../sysdeps/x86_64/setjmp.S
cfn=(614) __sigsetjmp
calls=1 -2 
* 31

fl=(190) ./string/../string/strstr.c
fn=(674) __GI_strstr
77 24
+5 3
-5 9
+5 6
+2 12
cob=(2)
cfi=(51)
cfn=(676) 0x0000000004967600
calls=3 -84 
* 69
* 3
+1 6
+44 3
+32 36

fl=(206) ./stdio-common/./stdio-common/printf_fp.c
fn=(770) __printf_fp
1278 19463
+1 19463
-1 38926
+1 58389
cfn=(772) __printf_fp_l
calls=19463 216 
* 24360449

fn=(784) hack_digit
170 503992
+3 489344
+2 122912
+2 245824
-2 245824
+8 33848
+21 50772
cfi=(212) ./stdlib/../sysdeps/x86_64/mul_1.S
cfn=(786) __mpn_mul_1
calls=16924 31 
* 355404
+1 33848
+1 70800
+4 84620
-23 118468
cfi=(219) ./stdlib/./stdlib/divrem.c
cfn=(812) __mpn_divrem
calls=16924 46 
* 751844
+2 16924
-2 16924
+2 50772
+1 16924
+2 33848
+1 101544
+7 33848
-23 105988
+1 317964
-1 105988
+1 105988
cfi=(212)
cfn=(786)
calls=105988 31 
* 2225748
* 105988
+31 105988
+1 529940
-37 334050
+37 15430

fn=(772)
216 311408
+50 19463
-9 19463
+17 19463
-8 58389
+32 19463
-21 19463
-11 38926
+11 38926
fi=(207) ./stdio-common/../include/../locale/localeinfo.h
+38 58389
fe=(206)
-35 38926
+18 38926
+8 19463
-72 19463
-1 19463
388 19463
-1 38926
+5 38926
+4 136241
1272 233556
396 116778
cfi=(208) ./stdlib/../sysdeps/ieee754/dbl-64/dbl2mpn.c
cfn=(776) __mpn_extract_double
calls=19463 33 
* 428186
* 77852
+36 19463
+5 19463
-49 19463
+44 77852
+1 19463
+1 38926
+3 233556
+1 19463
-1 19463
+1 58389
-1 19463
+1 38926
-1 19463
+1 155704
+1 19463
-1 38926
+1 253019
+6 19463
-6 38926
+7 38926
+17 2239
+4 8956
-4 4478
+16 4478
+11 2239
-41 2239
+10 2239
+31 2239
-30 15673
+33 6717
+41 2239
+1 4478
-1 2239
+1 6717
cob=(2)
cfi=(51)
cfn=(808) 0x0000000004967620
calls=2239 0 
* 29107
+16 8974
+18 88
-9 88
+2 176
-2 26862
+2 53724
-74 53736
-4 26868
+4 109711
-4 2239
+4 8956
+15 2245
-13 4490
+53 6
-2 36
cfi=(217) ./stdlib/./stdlib/mul.c
cfn=(806) __mpn_mul
calls=6 48 
* 450
+5 12
+1 12
+7 10785
cob=(2)
cfi=(51)
cfn=(808)
calls=2157 0 
* 28041
+1 6471
+1 6471
+1 2157
+3 2157
-5 2157
+1 2157
+1 4314
-1 2157
+1 2157
+5 4314
+1 4478
+6 4478
+4 2153
+4 2153
-4 2153
+4 4306
-4 21530
+6 4306
831 38926
+10 19463
+6 19463
-16 19463
+10 58389
+6 19463
-6 38926
+2 38926
+10 38926
+48 18682
+14 30366
+1 19463
-1 77852
+7 19463
fi=(211) ./stdio-common/../sysdeps/pthread/allocalim.h
27 38926
cfi=(210) ./nptl/./nptl/alloca_cutoff.c
cfn=(780) __libc_alloca_cutoff
calls=19463 * 
* 214093
+2 58389
fe=(206)
932 350334
+4 19463
-3 19463
+3 57608
+3 50610
-6 40488
+9 30366
cfn=(784)
calls=10122 170 
* 618007
* 6501
cfn=(784)
calls=2167 170 
* 252037
* 12289
-3 24578
+3 40488
+4 60732
+2 20244
-4 10122
+4 10122
+14 10122
-2 30366
+1 40488
+1 20244
+1 20244
-1 9341
-2 28023
+1 37364
+1 18682
+1 57608
+3 94246
-1 94246
+2 94246
-1 94246
cfn=(784)
calls=94246 170 
* 5339194
* 94246
+3 188492
-7 282738
+1 263275
437 38926
548 18
963 58389
+15 58389
+1 77852
cfn=(784)
calls=19463 170 
* 1122118
+2 58389
-2 19463
+2 97315
+2 4836
+3 3072
-3 1183
+8 4788
-9 1612
fi=(213) ./stdio-common/../sysdeps/generic/get-rounding-mode.h
94 1612
+1 6448
-1 17851
+1 129793
fi=(214) ./stdio-common/../include/rounding-mode.h
-43 66486
+6 9650
fe=(206)
1097 17061
+7 11374
+3 58389
+13 58389
+46 38926
+2 38926
-2 97315
+2 97315
+2 155704
+10 97315
+8 19463
+7 19463
-7 38926
+7 38926
+5 58389
cob=(2)
cfi=(51)
cfn=(792) 0x0000000004967490
calls=19463 0 
* 311408
+2 38926
-2 19463
+2 38926
+5 58389
+2 19463
-2 19463
+2 38926
+11 311408
+7 233556
+3 231752
+3 231752
-6 347628
+1 406017
+1 38926
-2 19463
+2 19463
cob=(2)
cfi=(51)
cfn=(796) 0x00000000049673e0
calls=19463 0 
* 389260
* 19463
-2 38926
+10 116778
+17 97315
+3 58389
+11 58389
1008 13780
-5 41340
+5 13780
-1 13780
+1 27560
+2 1201
-2 2402
+3 1201
-3 32356
+5 27552
+4 27552
+11 27560
+69 41328
649 34448
825 31532
cfi=(209) ./stdlib/../sysdeps/x86_64/lshift.S
cfn=(778) __mpn_lshift
calls=7883 28 
* 126128
* 7883
+1 39415
+1 15766
551 6735
cfi=(218) ./stdlib/./stdlib/cmp.c
cfn=(810) __mpn_cmp
calls=2245 31 
* 27216
+3 2245
-3 4578
1031 12
+3 24
+3 8
+2 12
840 18682
1175 58389
855 19463
-7 19463
+8 38934
+3 77852
+2 10122
+40 20244
-44 10122
+4 10122
+2 20244
-7 10122
+5 10122
-3 10122
-2 10122
+45 20244
665 28023
+5 9341
-5 9341
cfi=(209)
cfn=(778)
calls=9341 28 
* 149456
+5 9341
-18 9341
+10 9341
+3 9341
+1 9341
+24 9341
-20 9341
-4 37364
+3 9341
+1 18682
+23 9258
+1 6172
+3 6172
+1 3086
-1 6172
+1 3086
+8 3086
-7 6172
+7 3086
-9 3086
+2 3086
-2 3086
+2 3086
+7 6172
+22 6174
+61 112092
-2 112092
+2 429686
675 112092
+2 224184
+7 3086
+1 6172
-1 3086
+4 3086
-4 3086
+2 3086
-2 6172
+6 12344
cfi=(217)
cfn=(806)
calls=3086 48 
* 231450
* 3086
+5 9258
+42 6170
-1 3085
+1 6170
+5 9255
-6 3085
+6 3085
+3 9255
-37 2056
+4 2056
-2 1028
+2 4112
+16 3084
+2 2056
+1 1
1177 38926
+77 1972598
cfi=(186) ./libio/./libio/genops.c
cfn=(800) __overflow
calls=103 199 
* 9464
* 206
883 38926
474 2239
-2 2239
+2 2239
-3 4478
+3 4478
-3 2239
+3 4478
-3 2239
cfi=(209)
cfn=(778)
calls=2239 28 
* 35824
+4 20151
+1 4478
+1 11195
260 38926
956 18682
-1 18682
-1 9341
+2 9341
835 18682
983 228
+3 76
+4 76
-4 152
643 4306
791 28023
+4 31285
cfi=(212)
cfn=(786)
calls=6257 31 
* 206481
+4 12514
+1 6257
-4 6257
+4 12514
-4 6257
+3 6257
+1 25028
+9 6257
+1 6257
-1 6257
+4 47486
1203 38926
868 18682
-10 9341
-1 9341
+11 9341
-12 9341
+11 9341
-11 18682
-77 6170
cfi=(216) ./stdlib/../sysdeps/x86_64/rshift.S
cfn=(804) __mpn_rshift
calls=3085 28 
* 55530
+3 3085
+7 3085
-7 9255
1013 20
+84 8
-79 4
+10 4
-10 4
608 2153
-3 2153
+3 15071
+16 4306
+2 2153
-2 2153
cfi=(216)
cfn=(804)
calls=2153 28 
* 38754
+3 4306
-1 2153
+1 2153
-1 2153
+1 6459
cfi=(216)
cfn=(804)
calls=2153 28 
* 38754
+2 13932
808 18771
cfi=(216)
cfn=(804)
calls=6257 28 
* 112626
* 6257
-62 6170
+10 3085
-3 3085
+3 15425
+13 9255

fl=(208)
fn=(776)
33 58389
+4 38926
-2 19463
+2 19463
+1 97315
+9 38926
+9 19463
-9 19463
+9 38926
+47 19463
+4 19463
-4 19463
+4 19463

fl=(127) ./string/../sysdeps/x86_64/multiarch/rawmemchr.c
fn=(406) rawmemchr
31 1
fi=(123) ./string/../sysdeps/x86_64/multiarch/ifunc-evex.h
+4 5
-1 2
+2 3
+5 2
-3 2
+9 3
+3 4
fe=(127)
-19 1

fl=(209)
fn=(778)
28 19463
+1 19463
+1 19463
+2 19463
+1 19463
+1 19463
+12 19463
+1 19463
+1 19463
+1 19463
+1 19463
+1 19463
+1 19463
+6 19463
+1 19463
+1 19463

fl=(231) ./posix/../sysdeps/unix/sysv/linux/_exit.c
fn=(922) _Exit
27 2
+3 1
+1 2

fl=(117) ./string/../sysdeps/x86_64/multiarch/strlen.c
fn=(378) strlen
29 1
fi=(83) ./string/../sysdeps/x86_64/multiarch/ifunc-avx2.h
+4 5
-1 2
+2 3
+2 2
+4 3
+3 4
fe=(117)
-14 1

fl=(156) ./ctype/./ctype/ctype-info.c
fn=(510) __ctype_init
29 1
+2 7
+2 4
+2 4
+1 1

fl=(99) ./string/../sysdeps/x86_64/multiarch/stpncpy.c
fn=(334) stpncpy
31 1
fi=(100) ./string/../sysdeps/x86_64/multiarch/ifunc-strcpy.h
+5 2
+1 1
-1 2
+1 2
+2 2
+4 3
+3 3
fe=(99)
-15 1

fl=(179) ./malloc/./malloc/arena.c
fn=(626) ptmalloc_init.part.0
313 1
fi=(178) ./malloc/./malloc/malloc.c
3162 3
fe=(179)
313 5
+5 1
fi=(178)
3162 2
cfi=(180) ./stdlib/../sysdeps/unix/sysv/linux/getrandom.c
cfn=(628) getrandom
calls=1 28 
* 9
* 2
fe=(179)
343 2
+4 3
fi=(178)
1966 4
+3 1
-3 1
+3 2
-3 2
+3 126
-3 126
+3 252
-3 252
fe=(179)
352 3
fi=(178)
1977 1
+1 1
+2 1
fe=(179)
352 1
cob=(2)
cfi=(51)
cfn=(518) 0x0000000004967650
calls=1 0 
* 23
+1 4
cob=(2)
cfi=(51)
cfn=(518)
calls=1 0 
* 22
+1 4
cob=(2)
cfi=(51)
cfn=(518)
calls=1 0 
* 23
+1 4
cob=(2)
cfi=(51)
cfn=(518)
calls=1 0 
* 23
+1 4
cob=(2)
cfi=(51)
cfn=(518)
calls=1 0 
* 22
+1 4
cob=(2)
cfi=(51)
cfn=(518)
calls=1 0 
* 23
+1 4
cob=(2)
cfi=(51)
cfn=(518)
calls=1 0 
* 23
+2 4
cob=(2)
cfi=(51)
cfn=(518)
calls=1 0 
* 23
+1 4
cob=(2)
cfi=(51)
cfn=(518)
calls=1 0 
* 23
+1 4
cob=(2)
cfi=(51)
cfn=(518)
calls=1 0 
* 23
+3 4
cob=(2)
cfi=(51)
cfn=(518)
calls=1 0 
* 23
+1 4
cob=(2)
cfi=(51)
cfn=(518)
calls=1 0 
* 23
+1 2
+63 7

fl=(184) ./misc/../sysdeps/unix/sysv/linux/mmap64.c
fn=(648) mmap
47 4
+3 4
+8 8
+2 2

fl=(204) ./stdio-common/./stdio-common/vfprintf-internal.c
fn=(760) __vfprintf_internal
1180 208992
+30 87080
+8 52250
+4 87080
+11 34832
+11 17416
fi=(205) ./stdio-common/./stdio-common/printf-parse.h
111 34832
fe=(204)
1244 87080
fi=(205)
111 17416
cob=(2)
cfi=(51)
cfn=(762) 0x00000000049674d0
calls=17416 0 
* 365736
fe=(204)
1259 17416
fi=(205)
111 17416
fe=(204)
1259 52248
239 17416
fi=(232) ./stdio-common/../libio/libioP.h
940 17416
fe=(204)
1263 17416
fi=(232)
942 17416
-2 17416
fe=(204)
1263 17416
fi=(232)
940 34832
+2 34832
+1 34832
fe=(204)
239 69664
cfi=(187) ./libio/./libio/fileops.c
cfn=(766) _IO_file_xsputn@@GLIBC_2.2.5
calls=17416 1197 
* 350288
* 34832
127 156744
1263 34832
+4 52248
+4 139328
1532 17416
1214 17416
+34 17416
-8 17416
1532 52248
+23 17416
-39 17416
+39 17416
-39 17416
+39 34832
1313 291975
+39 19465
-51 19465
-1 19465
-1 19465
-1 19465
+5 19465
1501 19465
fi=(205)
88 19465
fe=(204)
1352 19465
-46 19465
-4 19465
+50 19465
1501 19465
1295 19465
-1 19465
-1 19465
-1 19465
-1 19465
+16 38930
1608 34832
+1 34832
+3 208992
-4 156744
1499 38926
+33 38926
+3 661742
+20 38926
1218 34828
+41 69664
cfi=(188) ./nptl/./nptl/libc-cleanup.c
cfn=(664) __libc_cleanup_push_defer
calls=17416 24 
* 174160
+1 226408
-1 34832
1609 34832
cfi=(188)
cfn=(666) __libc_cleanup_pop_restore
calls=17416 39 
* 139328
+2 17416
-56 214093
+9 38926
-80 5
-5 40
-1 5
+1 40
+37 13
cfi=(222) ./stdio-common/./stdio-common/_itoa.c
cfn=(828) _itoa_word
calls=1 163 
* 68
* 31
192 2
+47 1
fi=(232)
942 3
+1 2
fe=(204)
239 4
cfi=(187)
cfn=(766)
calls=1 1197 
* 87
* 2
127 13
1517 2
-1 19459
-94 19459
-1 19459
+1 38918
+26 58377
+15 233509
+53 10
+73 1
fi=(205)
111 1
fe=(204)
1583 1
fi=(205)
111 2
cob=(2)
cfi=(51)
cfn=(762)
calls=1 0 
* 21
fe=(204)
1589 19464
fi=(205)
111 19464
fe=(204)
1583 19464
fi=(205)
111 38928
cob=(2)
cfi=(51)
cfn=(762)
calls=19464 0 
* 408744
fe=(204)
239 19465
fi=(232)
942 19465
fe=(204)
1593 19465
fi=(205)
111 19465
fi=(232)
942 19465
fe=(204)
1593 19465
fi=(232)
942 19465
+1 38930
fe=(204)
239 77860
cfi=(187)
cfn=(766)
calls=19465 1197 
* 1286996
* 38930
127 253045
1593 38930
+2 56346
-79 20
192 2
1556 19463
351 19463
+1 19463
1556 19463
352 38926
-1 38926
1559 38926
127 136241
354 19463
cfi=(206)
cfn=(770)
calls=19463 1278 
* 24496690
* 19463
1392 2
1516 18
fi=(205)
78 116754
fe=(204)
1516 3
cfi=(186)
cfn=(800)
calls=1 199 
* 52
* 4

fl=(126) ./string/../sysdeps/x86_64/multiarch/strncase.c
fn=(404) strncasecmp
31 1
fi=(233) ./string/../sysdeps/x86_64/multiarch/ifunc-strcasecmp.h
+1 5
fe=(126)
-1 1

fl=(227) ./nptl/./nptl/pthread_mutex_unlock.c
fn=(840) pthread_mutex_unlock@@GLIBC_2.2.5
367 1
51 3
+1 2
367 1
57 2
+8 1
-3 1
-23 1
+1 2
+30 1
369 2
40 3
+1 2
+33 2
+6 4
+4 3
+3 3

fl=(101) ./wcsmbs/../sysdeps/x86_64/multiarch/wmemchr.c
fn=(338) wmemchr
31 2
fi=(102) ./wcsmbs/../sysdeps/x86_64/multiarch/ifunc-evex.h
+4 10
-1 4
+2 6
+5 4
-3 4
+9 6
+3 8
fe=(101)
-19 2

fl=(171) ./csu/../csu/libc-start.c
fn=(588) __libc_start_main@@GLIBC_2.34
242 12
343 3
+1 3
cfi=(172) ./stdlib/./stdlib/cxa_atexit.c
cfn=(590) __cxa_atexit
calls=1 69 
* 71
+25 6
+6 2
-3 2
+10 2
cob=(2)
cfi=(51)
cfn=(604) 0x00000000049676d0
calls=1 0 
* 880
+2 2
+8 4
cfi=(173) ./csu/../sysdeps/nptl/libc_start_call_main.h
cfn=(610) (below main)
calls=1 29 
* 186888541674
128 2
+6 3
+1 6
cob=(2)
cfi=(51)
cfn=(594) 0x0000000000109000
calls=1 0 
* 7
* 1
+3 1
+1 2
+3 2
+1 2
-1 1
+2 7
+1 4
cob=(6) /media/nick/D/CEID/7_ΕΞΑΜΗΝΟ/ΛΟΓΙΣΜΙΚΟ_ΚΑΙ_ΠΡΟΓΡΑΜΜΑΤΙΣΜΟΣ_ΣΥΣΤΗΜΑΤΩΝ_ΥΨΗΛΗΣ_ΕΠΙΔΟΣΗΣ/ΑΣΚΗΣΕΙΣ/project/myknn-main/myknn
cfi=(170) ???
cfn=(598) 0x0000000000001830
calls=1 0 
* 12
-1 4

fl=(215) ./string/../sysdeps/x86_64/multiarch/strlen-avx2.S
fn=(794) __strlen_avx2
50 19463
+13 19463
+1 19463
+1 19463
+3 19463
+2 19463
+1 19463
+3 19463
+1 19463
+8 19463
+1 19463
+1 19463
+5 38926

fl=(218)
fn=(810)
31 2245
+4 4582
+2 2291
+1 2291
+1 4582
+8 11225

fl=(90) ./wcsmbs/../sysdeps/x86_64/multiarch/wcslen.c
fn=(308) wcslen
29 1
fi=(87) ./wcsmbs/../sysdeps/x86_64/multiarch/ifunc-wcslen.h
+5 4
-1 2
+2 3
+2 2
+4 3
+3 3
fe=(90)
-15 1

fl=(105) ./string/../sysdeps/x86_64/multiarch/strcspn.c
fn=(346) strcspn
29 1
fi=(234) ./string/../sysdeps/x86_64/multiarch/ifunc-sse4_2.h
+1 5
fe=(105)
-1 1

fl=(124) ./string/../sysdeps/x86_64/multiarch/strspn.c
fn=(398) strspn
29 1
fi=(234)
+1 5
fe=(124)
-1 1

fl=(118) ./string/../sysdeps/x86_64/multiarch/strncpy.c
fn=(382) strncpy
29 1
fi=(100)
+7 2
+1 1
-1 2
+1 2
+2 2
+4 3
+3 3
fe=(118)
-17 1

fl=(216)
fn=(804)
28 13648
+1 13648
+1 13648
+1 13648
+13 13648
+1 13648
+16 13648
+1 13648
+1 13648
+1 13648
+1 13648
+1 13648
+1 13648
+5 13648
+1 13648
+1 13648
+1 13648
+1 13648

fl=(84) ./string/../sysdeps/x86_64/multiarch/strpbrk.c
fn=(296) strpbrk
29 1
fi=(234)
+1 5
fe=(84)
-1 1

fl=(106) ./wcsmbs/../sysdeps/x86_64/multiarch/wcscpy.c
fn=(348) wcscpy
43 1
-6 5
+6 1

fl=(210)
fn=(780)
27 19463
+1 175167
+7 19463

fl=(166) ./misc/./misc/init-misc.c
fn=(566) __init_misc
30 1
+1 2
-1 4
+1 3
+2 3
cob=(2)
cfi=(51)
cfn=(568) 0x00000000049675f0
calls=1 -33 
* 36
+4 5
+1 3
+2 4

fl=(165) ./csu/./csu/init-first.c
fn=(564) _init_first
46 4
+5 2
+4 5
+8 1
-2 1
+10 1
-9 1
+1 1
+9 2
-1 1
cfi=(166)
cfn=(566)
calls=1 -41 
* 61

fl=(155) ./elf/./elf/libc_early_init.c
fn=(508) __libc_early_init
33 7
+2 1
cfi=(156)
cfn=(510)
calls=1 -6 
* 17
+3 1
fi=(158) ./elf/../sysdeps/nptl/pthread_early_init.h
-5 2
fe=(155)
+8 1
-3 1
fi=(158)
-5 1
cfi=(157) ./resource/../sysdeps/unix/sysv/linux/getrlimit64.c
cfn=(512) getrlimit
calls=1 +5 
* 10
* 3
+1 6
+11 1
fi=(235) ./elf/../nptl/nptl-stack.h
+13 3
fi=(158)
-13 1
fi=(235)
+13 2
fi=(158)
-4 1
fi=(235)
+4 2
fi=(158)
-6 1
fi=(235)
+6 1
fi=(158)
-12 1
+6 6
+1 1
+4 1
cfi=(159) ./nptl/./nptl/pthread_mutex_conf.c
cfn=(516) __pthread_tunables_init
calls=1 -7 
* 928
fe=(155)
-10 3
+2 2
-2 1
cfi=(162) ./nptl/../sysdeps/unix/sysv/linux/x86/elision-conf.c
cfn=(530) __lll_elision_init
calls=1 +49 
* 147

fl=(119) ./wcsmbs/../sysdeps/x86_64/multiarch/wmemcmp.c
fn=(386) wmemcmp
29 1
fi=(120) ./wcsmbs/../sysdeps/x86_64/multiarch/ifunc-memcmp.h
+5 2
+1 1
-1 2
+1 2
+1 2
+1 3
+2 2
+4 3
+3 3
fe=(119)
-17 1

fl=(196) ./io/../sysdeps/unix/sysv/linux/fstatat64.c
fn=(698) fstatat
153 8
-55 8
+70 12
+1 4

fl=(195) ./io/../sysdeps/unix/sysv/linux/fstat64.c
fn=(696) fstat
29 8
+1 8
+5 12
cfi=(196)
cfn=(698)
calls=4 153 
* 32

fl=(93) ./wcsmbs/../sysdeps/x86_64/multiarch/wcschr.c
fn=(316) wcschr
31 2
fi=(94) ./wcsmbs/../sysdeps/x86_64/multiarch/ifunc-avx2.h
+2 10
-1 4
+2 6
+2 4
+4 6
+3 8
fe=(93)
-12 2

fl=(228) ./stdlib/./stdlib/cxa_finalize.c
fn=(850) __cxa_finalize
30 6
+3 6
-3 21
+3 12
+3 9
+4 18
-4 9
+58 12
+4 18
-4 9
+11 6
+1 6
cfi=(229) ./posix/./posix/register-atfork.c
cfn=(852) __unregister_atfork
calls=3 -30 
* 48
+1 12
+1 24

fl=(167) ./string/../sysdeps/x86_64/multiarch/strrchr-avx2.S
fn=(570) __strrchr_avx2
46 1
+1 1
+1 1
+2 1
+1 1
+3 1
+1 1
+1 1
+33 1
+1 1
+1 1
+1 1
+1 1
+1 1
+1 1
+1 1
+1 1
+1 1
+3 1
+1 1
+9 1
+1 1
+98 1
+1 1
+8 1
+1 1
+1 1
+1 1
+1 1
+2 1
+1 1
+1 1
+1 2

fl=(222)
fn=(828)
163 2
+3 4
+2 2
+9 58
+9 2

fl=(88) ./string/../sysdeps/x86_64/multiarch/memset.c
fn=(304) memset
29 2
fi=(89) ./string/../sysdeps/x86_64/multiarch/ifunc-memset.h
+21 10
+3 6
+7 4
+9 4
+2 4
+10 4
+8 4
+2 10
fe=(88)

fl=(96) ./string/../sysdeps/x86_64/multiarch/strrchr.c
fn=(322) rindex
28 1
fi=(83)
+5 5
-1 2
+2 3
+2 2
+4 3
+3 4
fe=(96)
-15 1

fl=(197) ./io/../sysdeps/unix/sysv/linux/read.c
fn=(704) read
25 4
+1 24
+1 4

fl=(175)
fn=(614)
30 1
+2 1
+9 1
+1 2
+1 1
+4 1
+1 1
+1 1
+1 1
+1 1
+2 2
+2 1
+1 1
+1 1
+2 2
+2 1
+5 1
+1 1
+17 1
cfi=(176) ./setjmp/./setjmp/sigjmp.c
cfn=(616) __sigjmp_save
calls=1 -56 
* 9

fl=(109) ./string/../sysdeps/x86_64/multiarch/memcmp.c
fn=(356) bcmp
29 1
fi=(110) ./string/../sysdeps/x86_64/multiarch/ifunc-memcmp.h
+5 2
+1 1
-1 2
+1 2
+1 2
+1 3
+2 2
+4 3
+3 3
fe=(109)
-17 1

fl=(191) ./string/../sysdeps/x86_64/multiarch/strchr-avx2.S
fn=(764) __strchrnul_avx2
51 36881
+2 36881
+1 36881
+1 36881
+1 36881
+1 36881
+3 36881
+1 36881
+4 36881
+1 36881
+1 36881
+1 36881
+1 36881
+1 36881
+1 36881
+1 36881
+6 36881
+1 73762

fn=(678) __strchr_avx2
51 3
+2 3
+1 3
+1 3
+1 3
+1 3
+3 3
+1 3
+4 3
+1 3
+1 3
+1 3
+1 3
+1 3
+1 3
+1 3
+3 3
+1 3
+23 3
+1 6

fl=(121) ./string/../sysdeps/x86_64/multiarch/stpcpy.c
fn=(390) stpcpy
33 1
fi=(100)
+3 2
+1 1
-1 2
+1 2
+2 2
+4 3
+3 3
fe=(121)
-13 1

fl=(95) ./string/../sysdeps/x86_64/multiarch/strchr.c
fn=(320) index
61 1
-20 2
+1 1
-1 2
-1 2
+2 2
+2 2
+4 3
+3 3
+10 1

fl=(115) ./string/../sysdeps/x86_64/multiarch/strcpy.c
fn=(372) strcpy
29 1
fi=(100)
+7 2
+1 1
-1 2
+1 2
+2 2
+4 3
+3 3
fe=(115)
-17 1

fl=(202) ./string/../sysdeps/x86_64/multiarch/memmove-vec-unaligned-erms.S
fn=(754) __memcpy_avx_unaligned_erms
307 749310
+1 749310
+6 749310
+1 749310
+2 616352
+1 616352
+1 616352
+3 154957
+1 154957
+1 154957
+3 309914
+30 132958
+1 132958
+2 63840
+1 63840
+2 31710
+4 31710
+1 21070
+1 21070
+8 21070
+6 10640
+1 10640
+1 10640
+1 10640
+1 10640
+7 69118
+1 69118
+1 69118
+1 69118
+2 69118
+17 32130
+1 32130
+1 32130
+1 32130
+1 32130
+7 275602
+1 275602
+1 275602
+1 275602
+1 275602
+1 275602
+1 551204
+5 461395
+1 461395
+5 461395
+1 461395
+2 461395
+1 461395
+1 461395
+2 185793
+1 185793
+1 185793
+1 185793
+1 185793
+1 185793
+1 185793
+1 185793
+1 185793
+1 185793
+1 185793
+1 185793
+1 185793
+1 185793
+1 371586

fn=(798) __mempcpy_avx_unaligned_erms
294 38931
+1 38931
+1 38931
+1 38931
+17 38931
+1 38931
+42 38931
+1 38931
+2 38927
+1 38927
+2 38925
+4 38925
+1 38918
+1 38918
+1 38918
+1 38918
+4 38918
+2 38918
+6 7
+1 7
+1 7
+1 7
+1 7
+7 4
+1 4
+1 4
+1 4
+2 4
+17 2
+1 2
+1 2
+1 2
+1 2

fl=(162)
fn=(530)
96 2
+5 1
-5 1
+5 1
-5 3
+5 3
cob=(2)
cfi=(51)
cfn=(518)
calls=1 0 
* 22
+2 4
cob=(2)
cfi=(51)
cfn=(518)
calls=1 0 
* 22
+2 4
cob=(2)
cfi=(51)
cfn=(518)
calls=1 0 
* 22
+2 4
cob=(2)
cfi=(51)
cfn=(518)
calls=1 0 
* 22
+2 4
cob=(2)
cfi=(51)
cfn=(518)
calls=1 0 
* 22
+4 3
+1 1
+1 6

fl=(182) ./misc/./misc/sbrk.c
fn=(642) sbrk
37 6
+6 3
-6 3
+3 3
-3 6
+3 3
+3 3
+20 1
+15 15
-20 6
+1 2
cfi=(183) ./misc/../sysdeps/unix/sysv/linux/brk.c
cfn=(644) brk
calls=1 -24 
* 9
* 2
+4 1
-1 6
+4 8
+8 2
cfi=(183)
cfn=(644)
calls=2 -39 
* 18
* 4

fl=(122) ./string/../sysdeps/x86_64/multiarch/memchr.c
fn=(394) memchr
29 1
fi=(123)
+6 5
-1 2
+2 3
+5 2
-3 2
+9 3
+3 4
fe=(122)
-21 1

fl=(159)
fn=(516)
50 2
+1 2
-1 4
+1 3
cob=(2)
cfi=(51)
cfn=(518)
calls=1 -51 
* 884
+2 4
cob=(2)
cfi=(51)
cfn=(518)
calls=1 -53 
* 23
+2 6

fl=(212)
fn=(786)
31 132261
+1 132261
+3 132261
+1 132261
+1 132261
+1 132261
+1 132261
+2 132261
+1 132261
+2 132261
+1 132261
+1 132261
+1 132261
+1 122912
+2 122912
+1 122912
+1 122912
+1 122912
+26 9349
+1 9349
+1 9349
+1 9349
+1 9349
+1 9349
+1 9349
+1 9349
+1 9349
+26 9349
+1 9349
+1 9349
+2 9349
+1 9349
+1 9349
+1 9349
+1 9349
+1 9349
+2 9349
+3 9349
-5 122912
+2 122912
+3 122912

fl=(193) ./libio/./libio/iofread.c
fn=(684) fread
31 20
+1 4
-1 4
+1 4
-1 8
+4 8
+2 68
+1 16
cfi=(186)
cfn=(686) _IO_sgetn
calls=4 409 
* 1052
fi=(198) ./libio/./libio/libioP.h
883 8
+1 40
fe=(193)
40 8
+1 36
-1 8

fl=(199) ./libio/./libio/iofclose.c
fn=(710) fclose@@GLIBC_2.2.5
34 15
+14 9
fi=(198)
883 6
+1 9
fe=(199)
57 3
fi=(198)
940 9
+2 6
+1 6
fe=(199)
57 9
cfi=(187)
cfn=(736) _IO_file_finish@@GLIBC_2.2.5
calls=3 168 
* 87
+1 9
+13 6
fi=(198)
855 12
+1 12
+6 6
cob=(2)
cfi=(51)
cfn=(724) 0x0000000004967370
calls=3 0 
* 273
fe=(199)
76 15
-27 3
cfi=(186)
cfn=(712) _IO_un_link
calls=3 +4 
* 324
+2 36
+1 3
-1 6
fi=(198)
883 6
fe=(199)
52 6
+1 6
cfi=(187)
cfn=(716) _IO_file_close_it@@GLIBC_2.2.5
calls=3 +75 
* 911
fi=(198)
883 3
fe=(199)
53 3
fi=(198)
883 6
+1 12
fe=(199)

fl=(97) ./string/../sysdeps/x86_64/multiarch/memmove.c
fn=(326) memmove
29 3
fi=(92) ./string/../sysdeps/x86_64/multiarch/ifunc-memmove.h
+24 9
-1 6
+4 9
+14 6
+2 6
+8 6
+8 6
+2 15
fe=(97)

fl=(82) ./string/../sysdeps/x86_64/multiarch/strnlen.c
fn=(292) strnlen
31 2
fi=(83)
+2 10
-1 4
+2 6
+2 4
+4 6
+3 8
fe=(82)
-12 2

fl=(111) ./wcsmbs/../sysdeps/x86_64/multiarch/wmemset.c
fn=(360) wmemset
31 2
fi=(112) ./wcsmbs/../sysdeps/x86_64/multiarch/ifunc-wmemset.h
+2 10
+1 6
+2 4
+8 6
+3 8
fe=(111)
-16 2

fl=(116) ./string/../sysdeps/x86_64/multiarch/strcasecmp_l.c
fn=(376) strcasecmp_l
31 1
fi=(233)
+1 5
fe=(116)
-1 1

fl=(147) ./time/../sysdeps/unix/sysv/linux/gettimeofday.c
fn=(742) __gettimeofday_syscall
33 2048
+1 4096
+2 8192
+1 2048

fn=(480) gettimeofday
42 1
fi=(236) ./time/../sysdeps/unix/sysv/linux/dl-vdso.h
-2 2
+1 2
fe=(147)
+1 2

fl=(91) ./string/../sysdeps/x86_64/multiarch/memcpy.c
fn=(312) memcpy@@GLIBC_2.14
29 1
fi=(92)
+24 3
-1 2
+4 3
+14 2
+2 2
+8 2
+8 2
+2 5
fe=(91)

fl=(172)
fn=(590)
69 9
-28 2
+2 6
+1 2
cfn=(592) __new_exitfn
calls=1 +38 
* 32
+2 2
+10 1
+2 1
-5 3
+3 1
-1 1
+4 2
+1 1
-1 2
+12 6

fn=(592)
82 1
+6 2
-6 4
+11 4
-10 2
+12 4
-2 1
+10 1
-10 3
+45 1
+5 1
-4 1
+4 4
-18 1
-1 1
+1 1

fl=(189) ./io/../sysdeps/unix/sysv/linux/open64.c
fn=(672) open
30 6
+3 3
-3 24
+3 14
+8 30
+2 21
-7 2
+1 1
-1 3
+2 1

fl=(103) ./string/../sysdeps/x86_64/multiarch/strncmp.c
fn=(342) strncmp
66 1
-25 4
+1 3
+2 2
+5 3
+3 3
+14 1

fl=(113) ./string/../sysdeps/x86_64/multiarch/memrchr.c
fn=(364) memrchr
29 1
fi=(83)
+4 5
-1 2
+2 3
+2 2
+4 3
+3 4
fe=(113)
-14 1

fl=(125) ./string/../sysdeps/x86_64/multiarch/mempcpy.c
fn=(400) mempcpy
33 1
fi=(92)
+20 3
-1 2
+4 3
+14 2
+2 2
+8 2
+8 2
+2 5
fe=(125)

fl=(180)
fn=(628)
28 1
+1 7
+1 1

fl=(157)
fn=(512)
38 2
+1 7
+1 1

fl=(188)
fn=(664)
24 17424
+3 34848
+3 69696
+1 17424
+2 17424
+1 17424

fn=(666)
39 17424
+3 34848
+2 34848
+1 34848
+2 17424

fl=(114) ./string/../sysdeps/x86_64/multiarch/strchrnul.c
fn=(368) strchrnul
31 1
fi=(83)
+2 5
-1 2
+2 3
+2 2
+4 3
+3 4
fe=(114)
-12 1

fl=(226) ./nptl/./nptl/pthread_mutex_lock.c
fn=(838) pthread_mutex_lock@@GLIBC_2.2.5
77 1
+3 3
+2 1
+2 2
-7 2
+11 2
+79 1
+3 1
+2 1
+3 1
+2 1
+1 3
-81 2
+11 4
+4 1
+3 2
-71 1
+1 8
+1 1
+84 3
+1 2

fl=(85) ./string/../sysdeps/x86_64/multiarch/strcmp.c
fn=(298) strcmp
65 1
-24 2
+1 1
-1 2
+1 2
+2 2
+5 3
+3 3
+13 1

fl=(107) ./string/../sysdeps/x86_64/multiarch/strcat.c
fn=(350) strcat
29 1
fi=(100)
+7 2
+1 1
-1 2
+1 2
+2 2
+4 3
+3 3
fe=(107)
-17 1

fl=(183)
fn=(644)
35 3
+1 12
+1 6
+6 3
+1 3

fl=(219)
fn=(812)
46 220012
+3 33848
+13 16924
+1 16924
-16 16924
+18 33848
+7 107400
+1 14157
-1 28314
+1 28314
-1 28314
+4 33848
+3 16924
234 152316
68 1259
-1 1259
+1 1259

fl=(200) ./io/../sysdeps/unix/sysv/linux/close_nocancel.c
fn=(722) __close_nocancel
25 3
+1 12
+1 3

fl=(176)
fn=(616)
28 3
+2 2
-1 1
+5 3

fl=(80) ./string/../sysdeps/x86/cacheinfo.c
fn=(288) __x86_cacheinfo
86 1
fi=(81) ./string/../sysdeps/x86/cacheinfo.h
-25 1
+3 3
+2 1
+1 1
-1 2
+7 3
+2 1
+1 1
-1 2
+5 2
+2 2
+1 2
+1 2
+2 2
fe=(80)
* 2

fl=(108) ./string/../sysdeps/x86_64/multiarch/strncase_l.c
fn=(354) strncasecmp_l
31 1
fi=(233)
+1 5
fe=(108)
-1 1

fl=(221) ./debug/./debug/printf_chk.c
fn=(826) __printf_chk
25 141
+7 7
-4 14
+4 14
-4 7
+5 7
-1 7
+1 7
-5 7
+4 7
+1 7
-1 7
+1 7
cfi=(204)
cfn=(760)
calls=7 1180 
* 24166
-8 3
+7 1
-4 2
+4 2
-4 1
+5 1
-1 1
+1 1
-5 1
+4 1
+1 1
-1 1
+1 1
cfi=(204)
cfn=(760)
calls=1 1180 
* 1897
+4 40

fl=(186)
fn=(690) _IO_doallocbuf
343 4
+1 8
-1 12
+3 16
+1 4
fi=(198)
940 12
+2 8
+1 8
fe=(186)
347 8
cfi=(194) ./libio/./libio/filedoalloc.c
cfn=(692) _IO_file_doallocate
calls=4 78 
* 1139
* 8
+3 16

fn=(800)
199 312
+2 312
+2 104
fi=(198)
940 312
+2 208
+1 208
fe=(186)
203 104
+1 208
-1 104
cfi=(187)
cfn=(802) _IO_file_overflow@@GLIBC_2.2.5
calls=104 731 
* 7644

fn=(662) _IO_link_in
87 42
+1 6
-1 18
+1 18
+18 60
-16 3
+2 9
-2 3
+2 3
+1 3
-1 9
cfi=(188)
cfn=(664)
calls=3 -68 
* 30
+1 27
+2 3
-1 3
-1 6
+2 30
+5 3
-3 3
-2 6
+3 3
-1 3
+3 36
+1 3
+1 21
+1 6
cfi=(188)
cfn=(666)
calls=3 -64 
* 24
+3 3

fn=(910) _IO_flush_all_lockp
686 12
+5 6
cfi=(188)
cfn=(664)
calls=1 24 
* 10
+1 9
+3 1
-8 1
+5 2
+3 2
fi=(198)
940 4
fe=(186)
709 6
+2 3
-16 9
+2 3
+1 6
+3 21
+14 9
+1 2
cfi=(188)
cfn=(666)
calls=1 39 
* 8
+4 12

fn=(656) _IO_no_init
563 30
+1 3
cfn=(658) _IO_old_init
calls=3 -33 
* 75
+1 3
+1 6
+2 3
+4 3
+7 3
+2 3
-9 15
+15 3
+1 18

fn=(700) _IO_setb
329 63
+1 34
+5 14
-3 7
+3 28
+3 31
-7 3
cob=(2)
cfi=(51)
cfn=(724)
calls=3 0 
* 471
+4 9

fn=(718) _IO_unsave_markers
960 6
+2 3
-2 3
+2 3
+5 9
+2 6

fn=(822) _IO_default_xsputn
371 6
+3 12
-3 48
fi=(198)
940 6
fe=(186)
371 6
fi=(198)
940 6
fe=(186)
371 6
fi=(198)
940 6
fe=(186)
371 12
+18 10
+8 5
+2 48
fi=(198)
942 24
+1 24
fe=(186)
399 48
cfi=(187)
cfn=(802)
calls=12 731 
* 408
* 24
+2 12
-22 84
+2 15
+3 10
+20 6
-29 6
+29 42
-11 40
+1 20
-1 10
+1 10
-1 20

fn=(918) _IO_default_setbuf
452 2
fi=(198)
940 1
fe=(186)
452 2
fi=(198)
940 1
fe=(186)
452 1
fi=(198)
940 1
fe=(186)
452 4
+1 1
fi=(198)
942 2
+1 2
fe=(186)
453 2
cfi=(187)
cfn=(920) _IO_file_sync@@GLIBC_2.2.5
calls=1 792 
* 18
* 2
+4 1
330 1
462 1
-7 2
332 2
+5 1
-5 1
+5 1
467 1
332 1
466 4
+2 6
-11 1
+1 2
-1 1
330 4

fn=(686)
409 8
fi=(198)
940 12
fe=(186)
409 4
+2 4
fi=(198)
942 8
+1 8
fe=(186)
411 4
+1 8
-1 4
cfi=(187)
cfn=(688) _IO_file_xsgetn
calls=4 1272 
* 992

fn=(738) _IO_default_finish
601 9
+2 9
+6 9
+3 9
54 6
624 6

fn=(908) _IO_cleanup
863 2
+3 1
-3 9
-77 1
+80 1
cfn=(910)
calls=1 686 
* 126
-80 2
+80 1
-80 3
cfi=(188)
cfn=(664)
calls=1 24 
* 10
+1 9
+3 1
-3 2
+3 2
fi=(198)
940 4
fe=(186)
838 3
-48 9
+9 9
+2 6
+6 13
+8 5
+9 1
fi=(198)
942 2
+1 2
fe=(186)
824 4
cfi=(187)
cfn=(916) _IO_file_setbuf@@GLIBC_2.2.5
calls=1 381 
* 83
+2 3
+4 5
+1 8
+11 9
+1 2
cfi=(188)
cfn=(666)
calls=1 39 
* 8
+35 12
-59 1
-2 1
+3 1
-3 1
+2 3

fn=(658)
531 3
+3 3
-2 3
+2 3
+5 3
-7 3
+2 3
+10 3
-10 3
+16 3
-11 3
-5 3
+16 3
-16 3
+21 3
-16 15
+16 6
+1 6
+2 3

fn=(712)
53 6
+1 12
+28 6
cfn=(714) __GI__IO_un_link.part.0
calls=3 -30 
* 312

fn=(714)
52 6
+7 3
-7 21
+6 18
cfi=(188)
cfn=(664)
calls=3 -34 
* 30
+1 27
+2 3
-1 3
-1 6
+2 30
+13 3
-13 3
+2 3
+13 3
-15 6
+15 3
-13 6
+3 3
-1 6
+1 3
+8 6
+2 33
+2 6
-1 3
+1 21
+1 6
cfi=(188)
cfn=(666)
calls=3 -40 
* 24
+3 27

fl=(187)
fn=(818) _IO_file_write@@GLIBC_2.2.5
1173 322
+2 276
+5 46
cfi=(220)
cfn=(820)
calls=46 25 
* 414
+1 92
+5 46
+1 46
-12 92
+4 138
+1 92
+10 138
+3 276
-4 138

fn=(716)
128 12
+2 9
+4 6
+3 3
-3 3
-1 6
+6 3
+3 3
-3 3
cfi=(186)
cfn=(718)
calls=3 960 
* 30
+3 9
fi=(198)
940 9
+2 6
+1 6
fe=(187)
142 6
cfn=(720) _IO_file_close
calls=3 1164 
* 27
* 3
+3 9
+8 15
cfi=(186)
cfn=(700)
calls=3 329 
* 564
+1 3
+3 3
-3 9
+3 3
cfi=(186)
cfn=(712)
calls=3 53 
* 12
+5 3
-4 3
+1 3
+3 3
-2 3
+3 15
-28 7
cfn=(814) _IO_do_write@@GLIBC_2.2.5
calls=1 423 
* 110
* 2

fn=(720)
1164 3
+3 6
cfi=(200)
cfn=(722)
calls=3 25 
* 18

fn=(702) _IO_file_read
1130 4
+1 4
+2 4
-1 4
+1 8
cfi=(197)
cfn=(704)
calls=4 25 
* 32

fn=(766)
1197 184410
+7 36882
-7 110646
+6 112712
+9 38948
-2 77896
+17 58371
+1 19451
+3 58353
+2 19468
+2 19468
+2 38936
-2 19468
+1 19468
+1 19468
-2 19468
cob=(2)
cfi=(51)
cfn=(796)
calls=19468 0 
* 389327
* 19468
+4 38936
+28 331938
-55 17
+4 17
-4 17
+1 34
+18 6
+12 6
fi=(198)
940 18
+2 12
+1 12
fe=(187)
1243 8
fi=(198)
940 24
+2 16
+1 16
fe=(187)
1243 42
cfn=(802)
calls=14 731 
* 2095
* 28
+6 28
+1 98
+2 28
+11 42
+1 24
cfi=(186)
cfn=(822)
calls=6 371 
* 974
+2 18
-48 375
-2 286
+4 8
+11 24
443 16

fn=(660) _IO_new_file_init_internal
106 3
+5 3
-5 6
+4 3
+3 3
cfi=(186)
cfn=(662)
calls=3 -26 
* 312
+1 3
+1 6

fn=(916)
381 3
+1 1
cfi=(186)
cfn=(918)
calls=1 +70 
* 69
* 2
+3 1
+4 2
-2 3
+3 2

fn=(670) _IO_file_open
182 6
+3 3
-3 21
+2 6
+4 3
cfi=(189)
cfn=(672)
calls=3 30 
* 105
* 3
+1 6
+3 6
+3 3
-4 3
+1 12
+3 6
+10 6
cfi=(186)
cfn=(662)
calls=3 87 
* 72
+1 3
+1 12

fn=(814)
423 47
+2 141
+1 1
-3 46
fi=(198)
940 46
fe=(187)
423 92
fi=(198)
940 46
fe=(187)
423 46
fi=(198)
940 92
fe=(187)
423 230
+20 46
-10 92
+7 184
fi=(198)
942 92
+1 92
fe=(187)
448 184
cfn=(818)
calls=46 1173 
* 2116
* 46
+1 230
+2 46
+4 92
-3 92
-1 92
+4 130
-2 38
-28 152
+1 304
+27 8
-28 32
+1 64
+28 130

fn=(668) _IO_file_fopen@@GLIBC_2.2.5
213 33
+9 6
+2 20
356 36
224 3
+23 52
+33 8
cfn=(670)
calls=2 -98 
* 182
* 4
cfn=(670)
calls=1 -98 
* 94
* 3
+3 6
+3 9
cfi=(190)
cfn=(674)
calls=3 77 
* 171
* 3
+1 6
-40 2
-19 2
-1 2
-13 4

fn=(688)
1272 40
+7 4
-7 4
+7 4
+11 4
fi=(198)
940 12
fe=(187)
1290 16
+2 12
+1 8
+8 8
+8 8
+9 12
+1 16
+18 8
+1 24
+3 12
fi=(198)
942 4
fe=(187)
1329 4
fi=(198)
942 4
fe=(187)
1329 8
fi=(198)
943 8
fe=(187)
1341 12
cfn=(702)
calls=4 1130 
* 56
+1 8
+12 4
-2 4
+1 4
+1 8
-64 8
+6 8
+64 36
-78 6
+5 4
cfi=(186)
cfn=(690)
calls=2 343 
* 612
* 2

fn=(736)
168 15
+1 6
+7 3
-1 6
+1 6
-1 3
cfi=(186)
cfn=(738)
calls=3 601 
* 48

fn=(694) _IO_file_stat
1146 4
+1 8
cfi=(195)
cfn=(696)
calls=4 29 
* 60

fn=(802)
731 650
+1 520
+7 646
+37 128
-2 258
+3 232
+3 348
+1 348
+1 398
+4 116
+1 464
-45 4
+12 4
+9 6
+5 6
+2 4
-3 4
+3 2
+1 2
-6 2
+1 2
+5 8
+1 1
+2 2
+13 14
-12 14
+1 14
+11 28
-12 14
cfn=(814)
calls=14 423 
* 1419
+3 96
+2 64
-2 96
cfn=(814)
calls=32 423 
* 3520
* 64
-34 4
cfi=(186)
cfn=(690)
calls=2 343 
* 631
+1 2
+9 2
-9 10

fn=(920)
792 5
+5 4
+2 1
+1 2
+11 2
+4 4

fl=(194)
fn=(692)
78 36
+6 16
fi=(198)
940 12
+2 8
+1 8
fe=(194)
84 12
cfi=(187)
cfn=(694)
calls=4 1146 
* 72
* 8
+2 16
+11 16
+4 8
cob=(2)
cfi=(51)
cfn=(654) 0x0000000004967380
calls=4 0 
* 755
* 4
+1 8
+2 16
cfi=(186)
cfn=(700)
calls=4 329 
* 96
+1 4
+1 32
-15 1
fi=(237) ./libio/../include/sys/sysmacros.h
-44 6
fe=(194)
+44 1
-2 2
+5 2

fl=(223) ./stdlib/./stdlib/exit.c
fn=(832) __run_exit_handlers
40 11
+5 2
+3 5
+50 1
-42 1
+2 3
+8 6
+2 1
+3 1
-3 1
+3 6
+34 1
+1 1
+1 1
-2 1
+7 1
-3 2
+3 3
+1 3
cob=(1) /usr/lib/x86_64-linux-gnu/ld-linux-x86-64.so.2
cfi=(225) ./elf/./elf/dl-fini.c
cfn=(836) _dl_fini
calls=1 -82 
* 1131
+1 4
+10 2
+1 2
-63 1
+69 4
+2 2
+1 6
cfi=(186)
cfn=(908)
calls=1 863 
* 365
* 3
+2 2
cfi=(231)
cfn=(922)
calls=1 27 
* 5
-90 1
cfi=(224) ./stdlib/./stdlib/cxa_thread_atexit_impl.c
cfn=(834) __call_tls_dtors
calls=1 149 
* 12
* 1

fn=(830) exit
142 3
+1 3
-1 1
+1 1
cfn=(832)
calls=1 40 
* 1592

fl=(229)
fn=(852)
76 6
+1 3
-1 3
+1 9
fi=(230) ./posix/../malloc/dynarray-skeleton.c
243 3
fe=(229)
65 6
+38 12
+1 6

fl=(173)
fn=(610)
29 4
+15 1
-15 5
+15 1
cfi=(174)
cfn=(612)
calls=1 -16 
* 34
* 1
+2 2
+5 2
+1 2
+3 2
+3 6
cob=(6)
cfi=(177) /media/nick/D/CEID/7_ΕΞΑΜΗΝΟ/ΛΟΓΙΣΜΙΚΟ_ΚΑΙ_ΠΡΟΓΡΑΜΜΑΤΙΣΜΟΣ_ΣΥΣΤΗΜΑΤΩΝ_ΥΨΗΛΗΣ_ΕΠΙΔΟΣΗΣ/ΑΣΚΗΣΕΙΣ/project/myknn-main/myknn.c
cfn=(618) main
calls=1 -12 
* 186888540012
* 1
+16 1
cfi=(223)
cfn=(830)
calls=1 +68 
* 1600

fl=(178)
fn=(634) _int_malloc
1343 20
3771 10
1362 10
3771 80
1362 20
3904 2
+2 2
-2 2
+2 4
1362 20
3811 20
4397 20
3838 20
+63 20
+62 286
+1 24
4399 4
3903 2
4399 26
3983 2
+1 2
-1 4
-1 4
+2 4
-1 8
+1 8
-1 16
-1 16
+2 16
-2 27
+12 9
-6 9
+73 36
-67 28
-6 1
+73 4
-67 3
4413 90
4183 20
+2 24
+3 8
-3 8
+3 16
+68 20
+1 10
+1 10
-1 10
+1 10
+1 20
+1 30
+5 20
3963 12
4269 30
+3 12
-3 9
+3 8
-3 4
+3 3
+97 10
+1 20
+2 20
+3 38
+17 12
3904 6
4380 6
-2 12
+2 6
-1 6
+6 6
-5 6
-3 6
+3 6
+2 6
-2 24
2005 6
4382 6
2005 12
4407 16
cfn=(636) sysmalloc
calls=4 2548 
* 607
* 4
+1 8
2005 12

fn=(646) sysmalloc_mmap.constprop.0
2420 6
+13 6
+5 4
+3 18
cfi=(184)
cfn=(648)
calls=2 47 
* 18
* 2
+3 4
+4 4
2028 8
2466 6
+19 2
-1 2
+5 2
-4 4
+4 4
+1 10
+3 6
+1 10
+5 10

fn=(730) _int_free
4421 48
+10 6
-10 18
+10 12
+6 30
+1 12
+4 24
+8 30
-1 12
+1 12
+29 3
-20 3
-6 3
+6 6
+20 12
+14 6
4702 66
4569 6
+3 3
+3 9
+7 3
-4 3
+4 6
+3 6
+5 9
+3 6
+1 6
+1 6
2012 9
4601 6
+9 6
+62 6
+20 9
3181 3
+4 3
-4 3
+2 12
+1 3
+1 3
4482 3
4673 9
+3 6
+2 3
-2 3
-23 3
+1 9
+1 6
-68 9
-2 6
+93 12
+2 6
cfn=(732) systrim.constprop.0
calls=3 2986 
* 75
* 3

fn=(632) tcache_init.part.0
3235 3
+9 8
+1 3
cfn=(634)
calls=1 1343 
* 367
* 1
+1 2
+8 4
+7 2
+2 1
+1 2
-1 1
+1 86
+3 4

fn=(636)
2548 36
+20 16
+11 8
+1 10
+26 2
+1 6
+1 2
+9 12
+6 6
+3 6
2941 4
+1 2
+5 4
+3 4
+5 4
-2 2
+2 2
-1 2
+1 2
-3 2
+3 2
+1 2
-1 6
+1 2
+2 4
2581 6
+4 6
+9 8
cfn=(646)
calls=2 2420 
* 126
+1 4
2964 44
2687 4
+9 8
+13 6
+8 10
+8 4
+39 4
+2 6
+6 6
+1 1
2946 1
2773 3
+2 2
2896 1
-1 1
+1 3
+1 1
+11 2
fi=(179)
565 2
fe=(178)
2727 2
cfi=(181) ./malloc/./malloc/morecore.c
cfn=(640) __glibc_morecore
calls=2 25 
* 100
+1 4
-1 2
+1 2
2028 2
2729 2
2028 2
2729 2
2028 4
2730 2
+3 4
+33 4
2610 4
2775 2
+40 3
+22 1
+1 1
-1 1
+1 6
+2 2
+1 3
cfi=(181)
cfn=(640)
calls=1 25 
* 28
+12 2
-12 1
+12 1
2028 4
2897 4
2765 2
-52 3

fn=(726) free
3352 6
+4 12
-4 6
+14 6
-14 12
+12 6
+4 6
-4 6
+4 12
+17 18
fi=(179)
162 18
fe=(178)
3391 12
cfn=(730)
calls=6 4421 
* 582
+3 6
+1 24

fn=(622) malloc
3287 66
+7 22
1343 20
+19 44
3306 44
+3 20
+10 27
+28 45
1362 11
3304 33
-63 4
cfn=(632)
calls=1 -6 
* 484
+68 2
+2 12
3193 4
+1 4
+2 2
+1 2
-1 6
+1 2
+1 2
3347 10
-26 36
cfn=(634)
calls=9 1343 
* 1657
+1 45
fi=(179)
162 14
315 1
cfn=(626)
calls=1 -2 
* 1128
fe=(178)
1343 2

fn=(732)
2986 3
-9 9
+9 6
+2 3
+1 6
+5 3
+1 3
-1 6
+4 15
+2 6
-10 3
+50 12

fl=(217)
fn=(806)
48 52564
+6 6184
+12 6184
+76 34012
-71 3092
+1 6184
+9 3092
cfi=(212)
cfn=(786)
calls=3092 -50 
* 102036
+2 9276
+1 3092
+4 6184

fl=(104) ./string/../sysdeps/x86_64/multiarch/strcasecmp.c
fn=(344) strcasecmp
31 1
fi=(233)
+1 5
fe=(104)
-1 1

fl=(168) ./libio/./libio/vtables.c
fn=(572) check_stdfiles_vtables
83 1
+1 4
+1 3
+1 3
+2 1

fl=(181)
fn=(640)
25 3
+1 6
-1 3
+4 3
cfi=(182)
cfn=(642)
calls=3 +8 
* 101
+1 6
+4 6

fl=(185) ./libio/./libio/iofopen.c
fn=(652) fopen@@GLIBC_2.2.5
85 18
-20 3
+20 6
-20 3
cob=(2)
cfi=(51)
cfn=(654)
calls=3 -65 
* 275
+2 9
+3 3
+2 6
-2 3
+2 15
cfi=(186)
cfn=(656)
calls=3 563 
* 165
+1 3
+1 3
-1 3
+1 3
cfi=(187)
cfn=(660)
calls=3 +32 
* 339
+1 15
cfi=(187)
cfn=(668)
calls=3 213 
* 646
* 6
-38 6
+50 21

fl=(224)
fn=(834)
149 4
+1 4
+18 4

fl=(86) ./wcsmbs/../sysdeps/x86_64/multiarch/wcsnlen.c
fn=(300) wcsnlen
29 1
fi=(87)
+5 4
-1 2
+2 3
+2 2
+4 3
+3 3
fe=(86)
-15 1

fl=(98) ./wcsmbs/../sysdeps/x86_64/multiarch/wcscmp.c
fn=(330) wcscmp
30 1
fi=(94)
+3 5
-1 2
+2 3
+2 2
+4 3
+3 4
fe=(98)
-13 1

fl=(203) ./debug/./debug/fprintf_chk.c
fn=(758) __fprintf_chk
25 348160
+3 34816
+4 17408
-4 17408
+4 17408
+1 17408
-1 17408
-4 17408
+4 52224
+1 17408
cfi=(204)
cfn=(760)
calls=17408 1180 
* 33012982
+4 87040

ob=(5) /usr/libexec/valgrind/vgpreload_core-amd64-linux.so
fl=(164) ???
fn=(870) 0x00000000000010e0
0 11
cob=(2)
cfi=(51)
cfn=(876) 0x000000000483f040
calls=1 0 
0 74
0 10
cfn=(882) 0x0000000000001070
calls=1 0 
0 5
0 5

fn=(882)
0 5

fn=(558) 0x00000000000012f0
0 5

fn=(550) 0x0000000000001170
0 12

ob=(2)
fl=(51)
fn=(676)
0 6
cob=(3)
cfi=(191)
cfn=(678)
calls=3 51 
0 63

fn=(724)
0 12
cob=(3)
cfi=(178)
cfn=(726)
calls=6 3352 
0 732

fn=(756) 0x00000000001091d0
0 34816
cob=(3)
cfi=(203)
cfn=(758)
calls=17408 25 
0 33657078

fn=(864) 0x000000000010a908
0 4

fn=(594)
0 7

fn=(682) 0x0000000000109120
0 8
cob=(3)
cfi=(193)
cfn=(684)
calls=4 31 
0 1284

fn=(876)
0 2
cob=(3)
cfi=(228)
cfn=(850)
calls=1 30 
0 72

fn=(518)
0 38
cob=(1)
cfi=(10) ./elf/./elf/dl-tunables.c
cfn=(24) __tunable_get_val
calls=19 402 
0 391
cob=(1)
cfi=(160) ./elf/../sysdeps/x86_64/dl-trampoline.h
cfn=(524) _dl_runtime_resolve_xsave
calls=1 67 
0 857
0 5

fn=(568)
0 2
cob=(3)
cfi=(167)
cfn=(570)
calls=1 46 
0 34

fn=(650) 0x00000000001091b0
0 6
cob=(3)
cfi=(185)
cfn=(652)
calls=3 85 
0 1551

fn=(708) 0x0000000000109140
0 6
cob=(3)
cfi=(199)
cfn=(710)
calls=3 34 
0 1817

fn=(868) 0x000000000483f334
0 3
cob=(5)
cfi=(164)
cfn=(870)
calls=1 0 
0 105
0 2

fn=(164) 0x0000000004002050
0 12
cob=(1)
cfi=(52) ./elf/./elf/dl-error-skeleton.c
cfn=(166) _dl_catch_exception
calls=6 175 
0 14957

fn=(604)
0 2
cob=(1)
cfi=(49) ./elf/./elf/dl-audit.c
cfn=(608) _dl_audit_preinit
calls=1 117 
0 5
cob=(1)
cfi=(160)
cfn=(524)
calls=1 67 
0 868
0 5

fn=(796)
0 77862
cob=(3)
cfi=(202)
cfn=(798)
calls=38931 294 
0 700725

fn=(808)
0 8792
cob=(3)
cfi=(202)
cfn=(754)
calls=4396 307 
0 48356

fn=(574) 0x0000000004866000
0 7

fn=(762)
0 73762
cob=(3)
cfi=(191)
cfn=(764)
calls=36881 51 
0 700739

fn=(824) 0x0000000000109190
0 16
cob=(3)
cfi=(221)
cfn=(826)
calls=8 25 
0 26359

fn=(906) 0x00000000048e18e8
0 4

fn=(654)
0 14
cob=(3)
cfi=(178)
cfn=(622)
calls=7 3287 
0 1016

fn=(848) 0x0000000000109110
0 2
cob=(3)
cfi=(228)
cfn=(850)
calls=1 30 
0 72

fn=(752) 0x00000000001091a0
0 1489828
cob=(3)
cfi=(202)
cfn=(754)
calls=744914 307 
0 15059660

fn=(792)
0 38926
cob=(3)
cfi=(215)
cfn=(794)
calls=19463 50 
0 272482

fn=(546) 0x000000000483f000
0 6
cob=(5)
cfi=(164)
cfn=(550)
calls=1 0 
0 12
0 1
cob=(5)
cfi=(164)
cfn=(558)
calls=1 0 
0 5
0 2

fn=(620) 0x0000000000109180
0 8
cob=(3)
cfi=(178)
cfn=(622)
calls=4 3287 
0 2733

fn=(740) 0x0000000000109160
0 4096
cob=(3)
cfi=(147)
cfn=(742)
calls=2048 33 
0 16384

fn=(896)
0 2
cob=(3)
cfi=(228)
cfn=(850)
calls=1 30 
0 72

fn=(160) 0x0000000004002080
0 2
cob=(1)
cfi=(52)
cfn=(162) _dl_catch_error
calls=1 225 
0 2782

ob=(1)
fl=(50) ./string/../sysdeps/x86_64/strcspn.S
fn=(158) strcspn
25 1
+2 1
+7 1
+1 1
+2 1
+1 1
+1 1
+1 1
+1 33
+3 3
+7 1
+1 1
+1 1
+1 1
+2 1
+1 1
+1 1
+1 1
+2 1
+1 1
+1 1
+9 3
+12 1
+2 1
+1 1
+1 1
-4 12
+2 12
+1 12
+1 12
+2 13
+1 13
+1 13
+2 13
+1 13
+1 13
+2 13
+1 13
+1 13
+2 1
+1 1
+1 1
+2 1
+7 1
+4 1

fl=(25) ./elf/./elf/dl-environ.c
fn=(68) _dl_next_ld_env_entry
28 3
+1 3
+3 81
+13 71
-13 142
+2 146
+1 38
+5 2
-3 2
+3 2
+2 2
+7 1

fl=(46) ./elf/./elf/dl-debug.c
fn=(152) _dl_debug_state
116 2
+1 2

fn=(146) _dl_debug_initialize
56 1
+3 2
+4 1
-6 1
+4 1
+2 2
+22 2
+5 2
+1 1
+1 1
-1 1
-1 1
+5 2
+4 2
+8 2
-43 2
+32 6

fn=(186) _dl_debug_update
38 4
+3 4
-1 8
+4 8
+4 4

fl=(66) ./elf/./elf/dl-deps.c
fn=(214) openaux
61 15
+7 5
-4 10
+1 5
-1 40
cfi=(31) ./elf/./elf/dl-load.c
cfn=(172) _dl_map_object
calls=5 2022 
* 11815
* 5
+5 10

fn=(210) _dl_map_object_deps
159 5
+1 3
-1 1
+1 1
-1 2
+1 1
-1 3
+1 1
-1 4
+1 12
-8 1
-7 1
+15 1
-14 1
+6 1
+8 1
-15 1
+7 1
-8 1
+1 1
+7 1
-7 1
+31 3
-28 3
-2 1
+31 1
-33 2
+2 2
+30 2
-30 1
-1 4
+7 4
+24 2
-32 1
+60 1
-60 2
+36 1
fi=(73) ./elf/../include/scratch_buffer.h
77 3
fe=(66)
198 1
fi=(73)
78 1
fe=(66)
200 2
+98 1
198 1
+4 1
+7 1
+4 4
-4 4
+4 16
+11 14
-18 2
+18 4
433 15
+2 3
+3 3
-3 6
+3 3
fi=(28) ./elf/../include/rtld-malloc.h
56 3
cfi=(27) ./elf/./elf/dl-minimal-malloc.c
cfn=(76) __minimal_malloc
calls=3 -21 
* 75
* 3
fe=(66)
439 6
+6 3
+1 15
cfi=(29) ./string/../sysdeps/x86_64/multiarch/memmove-vec-unaligned-erms.S
cfn=(80) memcpy
calls=3 212 
* 33
+1 15
cfi=(29)
cfn=(80)
calls=3 212 
* 33
+4 3
-1 3
+5 20
204 12
458 12
-1 5
+1 10
199 3
+27 15
+5 3
+6 3
-5 3
-1 3
+2 6
+4 12
-31 3
+31 3
+1 9
+6 12
cfi=(31)
cfn=(212) _dl_dst_count
calls=3 -6 
* 150
* 8
cfi=(31)
cfn=(212)
calls=2 -6 
* 108
* 15
+4 10
-2 5
+2 10
cob=(2)
cfi=(51)
cfn=(164)
calls=5 0 
* 12210
+1 10
+9 5
+2 10
+5 15
+6 3
+2 3
-8 6
+3 3
+1 3
+1 3
+1 3
+4 15
+4 15
+1 9
-43 320
+1 154
+44 225
-38 10
fi=(73)
85 3
fe=(66)
464 6
+1 1
+3 4
+11 3
fi=(28)
56 1
cfi=(27)
cfn=(76)
calls=1 -21 
* 25
* 1
fe=(66)
481 2
+5 3
+1 1
-1 2
+4 2
-2 1
+2 1
-2 2
+11 4
+5 4
-14 12
-2 4
+4 4
+7 4
-2 8
-5 1
+7 1
-2 2
+2 2
+5 1
-14 6
+17 2
+52 3
+37 3
+15 1
-11 1
+11 1
-14 2
+20 1
-1 3
+1 3
-1 5
cfi=(12) ./elf/./elf/dl-sort-maps.c
cfn=(244) _dl_sort_maps
calls=1 288 
* 330
+5 1
+3 1
-1 1
+2 2
+7 3
+3 3
+3 8
214 32
+3 3
fi=(73)
-86 9
cfi=(72) ./malloc/./malloc/scratch_buffer_set_array_size.c
cfn=(238) __libc_scratch_buffer_set_array_size
calls=3 30 
* 60
fe=(66)
+86 6
+4 9
611 2
cfi=(29)
cfn=(80)
calls=1 212 
* 19
* 1
-53 2
160 2
380 8

fl=(74) ./elf/./elf/dl-version.c
fn=(252) _dl_check_all_versions
361 6
+4 5
-2 2
+4 30
cfn=(254) _dl_check_map_versions
calls=5 155 
* 6764
-2 5
+2 15
-1 5
-1 10
+5 7

fn=(254)
155 40
+15 5
-15 10
+15 10
+2 25
+2 5
+1 5
-1 5
+1 5
+2 10
+3 6
-16 3
-8 3
+28 3
-4 3
+4 6
+16 3
36 6
200 3
36 15
200 2
36 4
200 2
36 10
+1 16
-1 32
+2 63
cfi=(54) ./elf/./elf/dl-misc.c
cfn=(174) _dl_name_match_p
calls=21 +30 
* 2199
* 42
208 15
+5 5
-71 10
+71 15
+8 5
-2 5
-2 10
+4 5
-4 30
+4 8
-2 8
-2 16
+4 8
-4 78
56 52
+8 39
+6 39
+16 13
+1 26
+2 13
+5 117
+14 264
+12 357
+4 119
-30 238
224 52
+3 39
+5 8
-11 8
110 13
+3 52
cfi=(32) ./string/../sysdeps/x86_64/strcmp.S
cfn=(90) strcmp
calls=13 -5 
* 366
* 57
236 20
+5 4
-44 2
+1 2
+52 6
+3 12
+10 56
-7 224
+3 168
-3 12
+3 9
+8 8
+6 4
fi=(28)
44 4
fe=(74)
273 4
fi=(28)
44 4
cfi=(27)
cfn=(72) __minimal_calloc
calls=4 +34 
* 144
fe=(74)
272 4
fi=(28)
44 4
fe=(74)
274 8
+13 4
-3 4
+3 16
+2 12
+3 12
+4 15
+7 13
+1 13
-1 39
+1 13
+1 13
-2 13
+2 26
+1 39
+3 39
+5 8
-15 8
+2 8
-2 8
+2 8
-2 8
+2 16
-2 5
+2 5
-2 5
+2 5
-2 5
+2 10
+16 15
+5 2
-28 2
+62 45
-29 12
+3 12
+4 56
+6 56
+1 56
+1 56
-1 168
+1 56
-1 56
+1 56
+1 56
+3 168
+4 56
-14 118
+10 9
164 2
+86 2
-94 2
+94 3

fl=(149) ./elf/./dl-find_object.h
fn=(486) _dl_find_object_from_map
95 10
+1 10
+1 5
+6 25
+1 145
+1 100
+2 15
+5 5

fl=(44) ./string/../sysdeps/x86_64/multiarch/memset-vec-unaligned-erms.S
fn=(132) memset
125 8
+1 40
+6 8
+1 8
+1 7
+1 7
+2 1
+1 1
+1 1
+65 4
+1 4
+2 4
+76 6
+1 6
+5 6
+3 6
+1 6
+3 2
+1 2
+13 2
+1 2
+2 2
+3 1
+3 2
+3 1
+1 1
+1 1
+1 1
+1 1
+1 1
+1 1
-6 27
+1 27
+1 27
+1 27
+1 27
+1 27
+1 27
+3 2
+1 2
+1 2
+1 2
+5 2
+29 1
+1 1
+1 1
+32 1
+1 1
+1 1

fl=(8) ./elf/./elf/dl-setup_hash.c
fn=(14) _dl_setup_hash
25 5
+3 5
-3 5
+3 10
+3 15
+1 10
+2 5
-1 5
+3 15
+1 5
+4 5
-3 5
+7 5
-4 5
-3 5
+2 10
+5 5
-5 5
-2 5
+7 5
-5 5
+10 5

fl=(65) ./io/../sysdeps/unix/sysv/linux/access.c
fn=(208) access
25 1
+2 7
+4 1

fl=(38) ./elf/./elf/dl-hwcaps.c
fn=(108) _dl_important_hwcaps
175 5
+1 1
-1 6
+1 1
-1 1
+1 1
-1 1
+1 1
-1 1
+1 2
cfi=(10)
cfn=(24)
calls=1 402 
* 21
* 1
+2 2
+1 3
+26 2
-26 1
+25 1
cfi=(39) ./elf/../sysdeps/x86_64/dl-hwcaps-subdirs.c
cfn=(110) _dl_hwcaps_subdirs_active
calls=1 29 
* 47
fi=(40) ./elf/./dl-hwcaps.h
54 1
fe=(38)
205 1
-1 1
fi=(40)
56 1
+32 1
+1 1
+1 1
fe=(38)
-35 2
cfi=(41) ./elf/./elf/dl-hwcaps_split.c
cfn=(116) _dl_hwcaps_split_masked
calls=1 -4 
* 13
* 2
fi=(40)
-1 1
+2 2
-2 1
+34 2
+1 2
+1 1
fe=(38)
-32 2
-1 2
+1 2
+1 2
-1 2
-3 4
cfi=(41)
cfn=(116)
calls=2 -4 
* 114
* 2
cfi=(41)
cfn=(116)
calls=1 -4 
* 122
* 6
+48 5
fi=(28)
-47 1
cfi=(27)
cfn=(76)
calls=1 -21 
* 25
fe=(38)
+47 1
+2 2
+3 2
fi=(40)
-52 1
fe=(38)
+55 1
-3 1
fi=(40)
-54 2
+3 1
fe=(38)
+58 2
cfi=(41)
cfn=(122) _dl_hwcaps_split
calls=1 -90 
* 12
* 2
fi=(40)
-61 1
+2 2
-2 1
+34 2
+1 2
+1 1
fe=(38)
+40 4
+1 2
-1 6
+2 2
+1 2
-2 6
-3 4
cfi=(41)
cfn=(116)
calls=2 -77 
* 114
* 2
cfi=(41)
cfn=(116)
calls=1 -77 
* 122
* 6
+8 2
+9 1
-15 1
+15 2
-15 1
+15 8
+9 2
+4 7
cfi=(43) ./string/../sysdeps/x86_64/memcmp.S
cfn=(124) bcmp
calls=1 22 
* 41
+1 2
+1 1
+4 1
+1 2
+1 1
-20 2
+19 1
+1 1
-20 2
-1 4
+70 1
+1 1
+4 1
-5 2
+1 4
+4 2
-4 1
+4 4
+1 1
-1 1
+1 2
+1 2
-2 5
+1 1
-1 1
+1 2
+1 2
-2 5
+5 1
+3 2
-3 2
+3 15
+7 1
-7 2
+2 3
+1 4
+2 1
fi=(238) ./elf/../sysdeps/x86/dl-hwcap.h
57 1
fe=(38)
233 2
fi=(238)
57 1
fe=(38)
233 2
fi=(238)
57 1
fe=(38)
233 1
+1 1
cfi=(22) ./string/../sysdeps/x86_64/multiarch/strlen-vec.S
cfn=(60) strlen
calls=1 41 
* 17
+1 1
+1 1
-6 1
+4 1
+1 1
-5 1
+5 1
+1 1
-1 2
-5 4
+10 3
-2 3
+2 1
+1 1
+1 1
-1 1
+4 4
+1 1
-1 1
+4 2
+4 1
-1 1
+1 4
-1 2
+4 3
+1 3
+19 10
+6 2
fi=(28)
56 1
cfi=(27)
cfn=(76)
calls=1 -21 
* 25
* 1
fe=(38)
283 2
+8 1
fi=(40)
54 1
+2 1
+34 1
-2 2
fe=(38)
-5 1
291 1
fi=(40)
54 1
+35 1
fe=(38)
291 1
fi=(40)
90 1
fe=(38)
-10 2
cfi=(41)
cfn=(116)
calls=1 -29 
* 13
* 2
fi=(40)
-26 2
+2 1
fe=(38)
+27 1
fi=(40)
-29 1
+34 2
+1 2
+1 1
fe=(38)
-8 2
+1 4
+7 2
-7 10
cfi=(29)
cfn=(128) mempcpy
calls=2 199 
* 26
+4 2
+2 2
+2 2
-2 4
-9 4
cfi=(41)
cfn=(116)
calls=2 -29 
* 114
* 2
cfi=(41)
cfn=(116)
calls=1 -29 
* 122
* 6
304 1
+2 1
-2 1
-48 2
+72 1
-72 1
376 2
+13 2
-58 1
+45 1
+13 1
-58 1
-75 1
+82 1
+10 2
-92 1
+88 1
+4 3
-4 1
+3 7
-3 2
-3 1
+3 1
cfi=(29)
cfn=(128)
calls=1 199 
* 18
* 2
-3 1
+3 1
cfi=(29)
cfn=(128)
calls=1 199 
* 18
* 2
+3 2
-3 4
+3 5
+1 12
+1 2
-2 1
+2 1
cfi=(29)
cfn=(128)
calls=1 199 
* 15
* 2
-2 2
+5 8
cfi=(29)
cfn=(128)
calls=2 199 
* 30
* 4
+2 5
+5 6
+1 1
-1 3
+1 7
-1 25
+5 11
+4 1
-1 1
+1 2
-4 12
+4 2
-1 2
+1 13
-1 9
+1 18
+1 24
-1 12
-1 12
+2 24
-1 24
-1 24
+4 9
+3 1
+2 2
-1 1
-1 1
+2 1
-2 1
+2 2
-1 1
+1 2
+2 6
+1 2
+3 2
-6 2
+6 3
+7 8
+1 1
-1 2
+3 2
-3 3
+1 3
-1 6
+3 6
+3 4
-80 2
+86 9
-20 1
+1 2
-6 3
259 2
+1 2
+1 4
-1 3
+12 4
-44 2
+34 4
-2 3

fl=(13) ./elf/../sysdeps/unix/sysv/linux/dl-sysdep.c
fn=(100) _dl_discover_osversion
46 5
+2 3
+85 5
-45 2
cfi=(36) ./posix/../sysdeps/unix/syscall-template.S
cfn=(102) uname
calls=1 +32 
* 6
+15 1
-15 2
+20 1
-1 1
+3 12
+4 3
-2 6
+2 10
+3 1
-1 1
+1 3
-3 4
+7 3
-1 3
+4 3
-2 3
+2 10
+5 2

fl=(42) ./string/../sysdeps/x86_64/multiarch/../strchr.S
fn=(118) index
23 19
+1 19
+1 19
+1 19
+1 19
+1 19
+1 19
+1 19
+1 19
+1 19
+1 19
+1 19
+1 19
+1 19
+1 19
+1 19
+1 19
+1 19
+1 16
+4 16
+1 16
+1 16
+1 16
+2 16
+4 3
+1 3
+1 3
+1 3
+1 3
+1 3
+1 3
+1 3
+1 3
+1 3
+1 3
+1 3
+1 3
+1 3
+1 3
+1 3
+1 3
+1 3
+1 3
+1 3
+1 3
+1 3
+1 3
+1 3
+52 3
+4 3
+1 3
+1 3
+1 3
+2 3

fl=(9) ./elf/../elf/dl-sysdep.c
fn=(532) _dl_sysdep_start_cleanup
262 1
+1 1

fn=(16) _dl_sysdep_start
85 4
+25 1
-25 6
+25 1
-1 1
+1 228
+11 1
-8 1
+1 1
-4 1
+3 1
+6 1
+2 13
-34 1
-1 1
+36 113
+3 1
+1 1
-5 85
+57 1
-57 1
+58 1
-1 1
-57 3
+29 1
-29 1
+30 1
-1 1
-29 3
+41 1
-41 1
+42 1
-1 1
-41 3
+35 1
-35 1
+36 1
-1 1
-35 3
+32 1
-32 1
+33 1
-1 1
-32 4
+13 1
-13 1
+14 1
-1 1
-13 3
+10 1
-10 1
+11 1
-1 1
-10 3
+7 1
-7 4
224 1
cfi=(10)
cfn=(18) __GI___tunables_init
calls=1 +55 
* 38214
+3 1
cfi=(12)
cfn=(22) _dl_sort_maps_init
calls=1 +52 
* 32
fi=(13)
36 2
cfi=(14) ./elf/../sysdeps/unix/sysv/linux/brk.c
cfn=(28) brk
calls=1 -1 
* 8
fi=(6) ./elf/../sysdeps/x86_64/dl-machine.h
215 1
cfi=(15) ./elf/../sysdeps/x86/dl-get-cpu-features.c
cfn=(32) _dl_x86_init_cpu_features
calls=1 37 
* 7211
fe=(9)
+23 3
+1 1
cfi=(22)
cfn=(60)
calls=1 41 
* 17
* 1
+2 2
cfi=(23) ./elf/../misc/sbrk.c
cfn=(62) sbrk
calls=1 37 
* 15
* 3
+12 3
+3 5
cfi=(2) ./elf/./elf/rtld.c
cfn=(64) dl_main
calls=1 1320 
* 134072
+2 9

fl=(52)
fn=(162)
225 10
+2 2
cob=(2)
cfi=(51)
cfn=(164)
calls=1 0 
* 2759
+1 2
+1 1
+1 1
-1 1
+1 1
+2 5

fn=(248) _dl_receive_error
238 6
+1 1
+1 1
+3 1
+1 1
+2 1
cfi=(2)
cfn=(250) version_check_doit
calls=1 696 
* 6860
+2 1
+1 1
+1 4

fn=(166)
175 18
+5 6
-5 18
+5 6
-2 12
+22 6
-1 6
+7 12
-6 6
+3 12
+3 6
cfi=(53) ./setjmp/../sysdeps/x86_64/setjmp.S
cfn=(168) __sigsetjmp
calls=6 30 
* 144
* 24
+2 18
cfi=(66)
cfn=(214)
calls=5 61 
* 11905
cfi=(2)
cfn=(170) map_doit
calls=1 663 
* 2698
+2 6
-1 6
+1 6
-1 6
+1 12
+9 24

fl=(225)
fn=(836)
31 9
+20 3
-3 7
+3 4
+3 2
cob=(3)
cfi=(226)
cfn=(838)
calls=1 +23 
* 43
+2 1
+3 2
+2 6
+7 2
-2 1
+2 1
cfi=(49)
cfn=(534) _dl_audit_activity_nsid
calls=1 -28 
* 21
+5 14
+5 1
-5 1
+5 3
+2 10
+2 10
+2 10
+1 5
+1 5
+4 5
-12 15
+14 6
+1 4
+6 5
cfi=(12)
cfn=(244)
calls=1 288 
* 379
+9 2
cob=(3)
cfi=(227)
cfn=(840)
calls=1 367 
* 34
+5 6
+2 1
+2 3
-2 4
+2 12
+3 10
+3 15
+4 4
+11 8
+1 2
+1 4
+1 10
+1 4
cob=(4)
cfi=(169)
cfn=(890)
calls=1 0 
* 92
cob=(6)
cfi=(170)
cfn=(842) 0x00000000000017f0
calls=1 0 
* 92
-1 10
+5 6
+1 9
cob=(2)
cfi=(51)
cfn=(906)
calls=1 0 
* 4
cob=(2)
cfi=(51)
cfn=(868)
calls=1 0 
* 110
cob=(2)
cfi=(51)
cfn=(864)
calls=1 0 
* 4
+6 10
cfi=(49)
cfn=(866) _dl_audit_objclose
calls=5 -57 
* 25
+5 5
-45 15
+49 3
cfi=(49)
cfn=(534)
calls=1 40 
* 21
* 2
-38 9
+3 2
+41 6
+6 2
+7 8
73 2

fl=(72)
fn=(238)
30 30
+4 3
+1 6
+11 3
-1 6
+18 12

fl=(54)
fn=(174)
68 234
+1 78
cfi=(32)
cfn=(90)
calls=39 +39 
* 1305
* 78
+3 39
+2 78
+6 39
-6 78
+1 141
cfi=(32)
cfn=(90)
calls=47 +33 
* 1736
* 94
+8 8
-13 8
+13 55
-1 31
+1 93

fn=(224) _dl_sysdep_read_whole_file
36 2
+3 1
-3 6
+3 1
-3 1
+3 1
cfi=(55) ./io/../sysdeps/unix/sysv/linux/open64_nocancel.c
cfn=(178) __open_nocancel
calls=1 -11 
* 19
+1 2
+23 7
-21 4
cfi=(58) ./io/../sysdeps/unix/sysv/linux/fstat64.c
cfn=(190) fstat
calls=1 -13 
* 15
* 2
+2 2
+3 2
+13 2
cfi=(64) ./io/../sysdeps/unix/sysv/linux/close_nocancel.c
cfn=(204) __GI___close_nocancel
calls=1 -35 
* 6
* 1
-11 6
cfi=(60) ./misc/../sysdeps/unix/sysv/linux/mmap64.c
cfn=(194) mmap
calls=1 -2 
* 9
* 2

fl=(29)
fn=(80)
212 21
+1 21
+6 21
+1 21
+2 14
+1 14
+1 14
+2 8
+1 8
+1 8
+2 8
360 7
+1 7
+2 1
+4 1
+1 1
+1 1
+1 1
+1 1
+4 1
+2 1
+39 6
+1 6
+1 6
+1 6
+1 6
+7 6
+1 6
+1 6
+1 6
+1 6
+1 6
+1 6
+11 6
+1 6
+2 6
+1 6
+1 6

fn=(128)
199 36
+1 36
+1 36
+1 36
+17 36
+1 36
+2 7
+1 7
+1 7
+2 6
+1 6
+1 6
+2 6
360 29
+1 29
+2 9
+4 9
+1 4
+1 4
+1 2
+1 2
+1 2
+1 2
+2 2
+2 4
+6 5
+1 5
+1 5
+1 5
+1 5
+29 20
+1 20
+1 20
+1 20
+1 20
+7 1
+1 1
+1 1
+1 1
+1 1
+1 1
+1 1
+11 1
+1 1
+2 1
+1 1
+1 1

fl=(77) ./elf/./elf/dl-reloc.c
fn=(270) _dl_relocate_object
194 10
+14 5
-14 45
+16 5
-16 10
+14 5
+2 10
+3 5
-1 5
+1 10
+19 10
+6 25
-34 8
+38 8
+7 16
fi=(6)
71 14
+6 8
+4 6
+14 2
-8 2
+8 4
+20 4
+4 10
-2 4
fe=(77)
288 205
-83 2
fi=(6)
474 8
fe=(77)
205 4
+83 4
fi=(5) ./elf/./elf/do-rel.h
49 2
fe=(77)
288 2
fi=(5)
60 2
-11 4
+11 4
fe=(77)
288 3
-83 3
fi=(6)
474 12
fe=(77)
205 6
+83 6
fi=(5)
49 3
fe=(77)
288 3
fi=(5)
60 3
-11 6
+11 6
fe=(77)
288 10
fi=(5)
49 5
fe=(77)
288 5
fi=(5)
60 5
-11 10
+11 10
-7 2
-1 2
+11 16
fi=(6)
545 48
+4 48
+3 72
+1 24
fi=(5)
63 72
+2 324
+2 171
-4 171
+13 12
+1 16
+1 114
fi=(6)
545 57
+34 114
+2 57
cob=(4)
cfi=(134)
cfn=(476)
calls=1 27 
* 9
cob=(4)
cfi=(146)
cfn=(472)
calls=1 26 
* 9
cob=(4)
cfi=(145)
cfn=(468)
calls=1 27 
* 9
cob=(4)
cfi=(142)
cfn=(464)
calls=1 27 
* 8
cob=(4)
cfi=(144)
cfn=(462)
calls=1 49 
* 6
cob=(4)
cfi=(143)
cfn=(458)
calls=1 26 
* 9
cob=(4)
cfi=(142)
cfn=(454)
calls=1 35 
* 8
cob=(4)
cfi=(141)
cfn=(450)
calls=1 27 
* 9
cob=(4)
cfi=(140)
cfn=(446)
calls=1 27 
* 9
cob=(4)
cfi=(138)
cfn=(442)
calls=1 27 
* 8
cob=(4)
cfi=(137)
cfn=(438)
calls=1 30 
* 9
cob=(4)
cfi=(136)
cfn=(434)
calls=1 26 
* 9
cob=(4)
cfi=(135)
cfn=(430)
calls=1 27 
* 9
cob=(4)
cfi=(134)
cfn=(426)
calls=1 34 
* 9
cob=(4)
cfi=(133)
cfn=(422)
calls=1 27 
* 9
cob=(4)
cfi=(131)
cfn=(418)
calls=1 27 
* 9
cob=(4)
cfi=(129)
cfn=(414)
calls=1 26 
* 9
cob=(3)
cfi=(127)
cfn=(406)
calls=1 31 
* 23
cob=(3)
cfi=(126)
cfn=(404)
calls=1 31 
* 7
cob=(3)
cfi=(125)
cfn=(400)
calls=1 33 
* 22
cob=(3)
cfi=(124)
cfn=(398)
calls=1 29 
* 7
cob=(3)
cfi=(122)
cfn=(394)
calls=1 29 
* 23
cob=(3)
cfi=(121)
cfn=(390)
calls=1 33 
* 17
cob=(3)
cfi=(119)
cfn=(386)
calls=1 29 
* 22
cob=(3)
cfi=(118)
cfn=(382)
calls=1 29 
* 17
cob=(3)
cfi=(117)
cfn=(378)
calls=1 29 
* 21
cob=(3)
cfi=(116)
cfn=(376)
calls=1 31 
* 7
cob=(3)
cfi=(115)
cfn=(372)
calls=1 29 
* 17
cob=(3)
cfi=(114)
cfn=(368)
calls=1 31 
* 21
cob=(3)
cfi=(113)
cfn=(364)
calls=1 29 
* 21
cob=(3)
cfi=(111)
cfn=(360)
calls=2 31 
* 38
cob=(3)
cfi=(109)
cfn=(356)
calls=1 29 
* 22
cob=(3)
cfi=(108)
cfn=(354)
calls=1 31 
* 7
cob=(3)
cfi=(107)
cfn=(350)
calls=1 29 
* 17
cob=(3)
cfi=(106)
cfn=(348)
calls=1 43 
* 7
cob=(3)
cfi=(105)
cfn=(346)
calls=1 29 
* 7
cob=(3)
cfi=(104)
cfn=(344)
calls=1 31 
* 7
cob=(3)
cfi=(103)
cfn=(342)
calls=1 66 
* 17
cob=(3)
cfi=(101)
cfn=(338)
calls=2 31 
* 46
cob=(3)
cfi=(99)
cfn=(334)
calls=1 31 
* 17
cob=(3)
cfi=(98)
cfn=(330)
calls=1 30 
* 21
cob=(3)
cfi=(97)
cfn=(326)
calls=2 29 
* 44
cob=(3)
cfi=(96)
cfn=(322)
calls=1 28 
* 21
cob=(3)
cfi=(95)
cfn=(320)
calls=1 61 
* 19
cob=(3)
cfi=(93)
cfn=(316)
calls=2 31 
* 42
cob=(3)
cfi=(91)
cfn=(312)
calls=1 29 
* 22
cob=(3)
cfi=(90)
cfn=(308)
calls=1 29 
* 19
cob=(3)
cfi=(88)
cfn=(304)
calls=1 29 
* 24
cob=(3)
cfi=(86)
cfn=(300)
calls=1 29 
* 19
cob=(3)
cfi=(85)
cfn=(298)
calls=1 65 
* 17
cob=(3)
cfi=(84)
cfn=(296)
calls=1 29 
* 7
cob=(3)
cfi=(82)
cfn=(292)
calls=2 31 
* 42
-36 57
+37 57
fi=(5)
77 173
fe=(77)
288 40
+3 30
+24 5
+3 10
+17 15
+2 40
-98 10
+3 2
+7 4
-9 2
fi=(5)
86 16
+2 16
+12 8
-14 32
+14 16
+10 12
+3 16
+1 4
fi=(6)
529 4
fi=(5)
114 4
fi=(6)
529 8
fi=(5)
114 1200
fi=(6)
529 1200
fi=(5)
114 1200
fi=(6)
529 2400
+5 2408
+1 1204
fi=(5)
113 1204
fi=(6)
535 1204
-5 1204
fi=(5)
113 2408
+7 32
+4 24
+2 12
-73 4
fi=(6)
484 4
fi=(5)
52 4
fi=(6)
484 8
fi=(5)
128 8
+1 4
+1 4
-2 4
+2 4
+3 4
-5 4
+2 4
-2 4
+1 8
+2 4
-2 4
+2 12
+2 8
-5 238
+1 119
+1 119
-2 119
+2 119
+3 119
-5 119
+2 119
-2 119
+1 238
+2 119
-2 119
+2 357
+2 238
+9 121
fi=(6)
262 242
+21 242
+4 242
+7 484
fi=(4) ./elf/../sysdeps/generic/ldsodefs.h
138 315
fi=(6)
294 4052
cfi=(78) ./elf/./elf/dl-lookup.c
cfn=(278) _dl_lookup_symbol_x
calls=102 840 
* 61917
* 918
+2 315
+30 720
450 309
fi=(5)
145 345
-19 369
+32 20
+1 6
fi=(6)
294 2
+22 2
-22 4
fi=(5)
160 6
+3 2
+4 2
-4 2
+4 4
-2 2
-2 2
+2 2
+1 2
-1 4
fi=(6)
294 8
508 2
-1 4
+1 4
+1 2
cfi=(15)
cfn=(504) __x86_cpu_features
calls=1 71 
* 6
cob=(3)
cfi=(80)
cfn=(288)
calls=1 86 
* 28
+1 2
fi=(5)
159 2
fi=(6)
510 2
fi=(5)
159 8
-13 54
fi=(6)
422 54
+4 72
+5 18
+9 18
-9 36
+9 18
fi=(5)
145 68
fi=(6)
296 163
+3 115
-3 115
+3 230
+2 15
+3 6
+1 9
+11 6
+7 3
cob=(3)
cfi=(97)
cfn=(326)
calls=1 29 
* 22
cob=(3)
cfi=(88)
cfn=(304)
calls=1 29 
* 24
cob=(3)
cfi=(147)
cfn=(480)
calls=1 42 
* 7
* 9
+3 6
fi=(5)
135 10
+3 2
fi=(6)
296 99
+3 99
-3 214
+3 4
fi=(5)
50 10
fe=(77)
308 14
fi=(6)
-14 29
fe=(77)
+49 25
+3 5
-3 5
+3 5
+4 10
+1 20
cfi=(128) ./misc/../sysdeps/unix/syscall-template.S
cfn=(410) mprotect
calls=5 117 
* 30
* 10
-63 6
fi=(5)
53 2
175 7
+2 2
+1 2
-1 1
+3 1
-3 4
+3 2
-3 10
+1 10
-1 5
+3 5
-3 20
+3 10
+8 6
fi=(6)
+74 12
+21 12
+4 12
+7 24
fi=(4)
138 18
fi=(6)
294 204
cfi=(78)
cfn=(278)
calls=6 840 
* 3515
* 54
+2 18
+30 36
450 12
fi=(5)
191 18
-16 18
+30 4
fi=(6)
+91 2
+3 2
-3 2
+3 4
-3 2
+3 2
-3 4
fe=(77)

fl=(16) ./elf/../sysdeps/x86/cpu-features.c
fn=(40) update_active.constprop.0
43 7
+45 1
-41 1
+28 1
-18 1
+31 1
+4 1
-36 1
-1 1
+37 1
-26 1
-11 1
+1 1
+36 2
+1 1
-17 1
-21 1
+25 1
-4 1
-11 1
+28 1
-1 1
-36 1
+18 1
+19 1
-13 1
-4 1
-11 1
+19 1
+11 1
-3 1
-12 1
+14 1
-29 1
+18 1
+9 1
-18 1
+13 1
-13 1
-9 1
+29 2
+3 1
-14 1
-9 1
+9 1
+4 1
+10 1
-17 1
+7 1
+5 1
+5 1
+1 1
-1 1
+1 2
+2 2
+1 4
+3 1
+1 1
-1 1
+1 1
-1 1
+1 1
-1 1
+1 1
+4 2
+4 2
+2 4
+83 3
+12 2
+1 1
+3 3
+4 1
-4 1
+4 1
+67 3
+4 3
fi=(18) ./elf/../sysdeps/x86/get-isa-level.h
31 1
-3 1
+3 1
-1 2
fe=(16)
296 1
+1 8
-75 3
+1 2
+3 1
-1 1
+9 1
-5 1
+2 1
-2 1
+5 1
fi=(18)
32 3
+4 3
fe=(16)
+83 2
+2 1
+3 2
+10 1
+10 1
-10 1
+10 1
-10 1
+6 1
+4 1
-4 1
-6 1
+6 1
+2 1
-2 1
+2 3
+7 4
fi=(18)
39 3
+1 4
+5 1
-7 1
+7 3
+2 1
+1 2
+1 3
+2 4
+1 2
+1 2
+6 1
-4 1
+4 1
-3 2
fe=(16)
+75 1
-5 2
+4 1

fn=(34) init_cpu_features.constprop.0
399 1
+16 1
-16 6
+3 1
+1 1
+1 1
+11 2
+3 6
593 1
+94 5
+1 1
+3 2
+1 1
+6 1
+3 1
fi=(19) ./elf/../sysdeps/x86/dl-cacheinfo.h
+5 1
+2 1
fe=(16)
-9 1
fi=(19)
+23 2
840 1
+34 1
-34 17
+33 2
+25 2
+21 2
-21 2
+13 3
+8 1
-8 1
+8 1
cfi=(10)
cfn=(24)
calls=1 402 
* 21
* 1
+2 2
+3 4
cfi=(10)
cfn=(24)
calls=1 402 
* 21
* 1
+5 2
-3 2
+3 2
cfi=(10)
cfn=(24)
calls=1 402 
* 21
* 1
+2 2
+3 4
cfi=(10)
cfn=(24)
calls=1 402 
* 21
* 1
+1 2
+22 1
-16 4
+3 3
-3 1
cfi=(10)
cfn=(24)
calls=1 402 
* 21
+3 3
-3 2
+3 10
cfi=(10)
cfn=(54) __GI___tunable_set_val
calls=1 157 
* 58
+1 8
cfi=(10)
cfn=(54)
calls=1 157 
* 58
+1 9
cfi=(10)
cfn=(54)
calls=1 157 
* 58
+2 8
cfi=(10)
cfn=(54)
calls=1 157 
* 58
+2 9
cfi=(10)
cfn=(54)
calls=1 157 
* 58
+4 2
fe=(16)
706 1
fi=(19)
954 2
fe=(16)
706 2
fi=(19)
954 4
fe=(16)
706 1
cfi=(10)
cfn=(24)
calls=1 402 
* 19
+4 3
+14 1
-1 2
+1 3
+47 1
-1 1
+1 1
+46 4
cfi=(10)
cfn=(24)
calls=1 402 
* 19
+2 4
cfi=(10)
cfn=(24)
calls=1 402 
* 19
fi=(21) ./elf/../sysdeps/unix/sysv/linux/x86/cpu-features.c
27 6
fe=(16)
829 2
+45 8
fi=(19)
+7 11
fe=(16)
775 3
+27 2
-10 2
+1 2
+2 3
+1 2
+2 3
+1 2
fi=(19)
-75 3
cfn=(46) handle_intel.constprop.0
calls=1 255 
* 437
+1 1
-1 2
+1 1
cfn=(46)
calls=1 255 
* 478
+1 1
-1 1
+1 1
cfn=(46)
calls=1 255 
* 503
+3 1
-3 2
+3 1
cfn=(46)
calls=1 255 
* 459
+2 1
-2 1
+2 1
cfn=(46)
calls=1 255 
* 451
+3 1
-2 1
-1 1
+3 1
cfn=(46)
calls=1 255 
* 428
+2 1
-2 1
+2 1
cfn=(46)
calls=1 255 
* 429
+3 1
-2 1
-1 1
+3 1
cfn=(46)
calls=1 255 
* 469
+2 1
-2 1
+2 1
cfn=(46)
calls=1 255 
* 470
+3 1
-3 1
+3 1
cfn=(46)
calls=1 255 
* 494
+2 1
-2 1
+2 1
cfn=(46)
calls=1 255 
* 495
+2 1
-2 1
+2 1
cfn=(46)
calls=1 255 
* 790
+2 3
-2 1
+2 1
cfn=(52) get_common_cache_info.constprop.0
calls=1 481 
* 215
863 11
fe=(16)
424 6
cfn=(36) get_common_indices.constprop.0
calls=1 -99 
* 71
303 3
+1 2
+1 6
+5 2
+1 6
+5 2
+1 6
429 1
cfn=(40)
calls=1 43 
* 194
+2 1
+2 1
+83 1
-85 2
564 2
+7 2
+2 1
+4 2
+6 2
422 2
-3 1
+14 3
+1 4
+69 1
+10 11
+42 1
+1 1
434 11
+55 3

fn=(36)
325 1
+4 4
+3 3
+5 2
-5 1
+5 1
-5 1
+4 1
+1 1
+1 4
+1 4
+1 3
+1 2
+7 2
+2 5
+5 1
-5 1
+5 1
-5 1
+5 1
-5 2
+5 1
+7 1
-7 4
+7 1
+1 3
+6 1
-6 4
+6 1
fi=(17) ./elf/../sysdeps/unix/sysv/linux/x86/dl-minsigstacksize.h
24 2
+3 2
+1 2
+37 3
+7 1
+2 1
fe=(16)
384 2

fl=(56) ./io/../sysdeps/unix/sysv/linux/read_nocancel.c
fn=(180) __read_nocancel
25 3
+1 12
+1 3

fl=(14)
fn=(28)
35 1
+1 3
+1 2
+6 1
+1 1

fl=(58)
fn=(190)
29 8
+1 8
+5 12
cfi=(59) ./io/../sysdeps/unix/sysv/linux/fstatat64.c
cfn=(192) fstatat
calls=4 153 
* 32

fl=(161) ./elf/./elf/dl-runtime.c
fn=(526) _dl_fixup
46 16
+2 10
+1 2
+6 2
fi=(239) ./elf/../sysdeps/x86_64/dl-runtime.h
-27 2
fe=(161)
+21 2
+5 2
+1 2
-6 2
+6 4
+1 2
+2 2
-2 2
+2 2
-2 10
+7 4
+4 4
+4 6
+4 6
+1 8
-7 8
+16 2
-1 2
+1 4
+10 20
cfi=(78)
cfn=(278)
calls=2 840 
* 1451
* 2
+4 10
+10 20
+15 8
+9 6
+26 6
fi=(6)
+70 2
fe=(161)
-66 12

fl=(27)
fn=(76)
35 145
+1 29
+11 29
-11 58
+11 58
+3 29
-3 29
+3 166
+18 29
+1 29
+2 116
-16 8
+1 4
+2 2
+1 14
cfi=(60)
cfn=(194)
calls=2 -12 
* 18
* 2
+2 4
+2 4
+2 2
+4 2
-4 4
-23 1
-1 1
+1 1
+1 2
-2 2

fn=(144) __minimal_free
95 4
+2 16

fn=(72)
78 10
+4 10
-4 40
+7 10
+1 30
fi=(28)
-30 10
cfi=(27)
cfn=(76)
calls=10 -21 
* 285
fe=(27)

fl=(22)
fn=(60)
41 21
+44 21
+1 21
+1 21
+1 21
+1 21
+1 21
+1 21
+2 21
+2 21
+31 21
+1 21
+1 21
+1 21
+1 21
+1 12
+2 12
+4 9
+1 9
+1 9
+1 9
+1 9
+1 9
+1 9
+1 9
+1 9
+1 9
+1 9
+1 9
+5 72

fl=(23)
fn=(62)
37 5
+3 1
+18 2
+4 2
+16 5

fl=(45) ./string/./string/strdup.c
fn=(140) strdup
40 20
+1 4
cfi=(22)
cfn=(60)
calls=4 * 
* 122
* 4
fi=(240) ./string/../include/rtld-malloc.h
+15 8
cfi=(27)
cfn=(76)
calls=4 -21 
* 100
fe=(45)
-12 8
+4 4
-1 12
+1 8
-1 4
cfi=(29)
cfn=(80)
calls=4 212 
* 52

fl=(71) ./io/../sysdeps/unix/sysv/linux/pread64_nocancel.c
fn=(234) __pread64_nocancel
25 8
+1 16
+1 4

fl=(26) ./elf/./elf/dl-object.c
fn=(70) _dl_new_object
59 56
+3 8
+18 3
+3 3
-3 3
+3 3
cfi=(22)
cfn=(60)
calls=3 -42 
* 69
+4 6
-4 6
+9 6
fi=(28)
-48 9
cfi=(27)
cfn=(72)
calls=3 +34 
* 136
fe=(26)
+48 1
fi=(28)
-48 3
cfi=(27)
cfn=(72)
calls=1 +34 
* 43
* 4
fe=(26)
+51 8
+5 4
-2 4
+6 4
-4 4
+4 4
-5 4
+4 4
+1 4
-1 4
+1 8
cfi=(29)
cfn=(80)
calls=4 212 
* 55
* 8
+2 4
+13 8
+6 1
+2 7
+3 2
-3 21
+3 6
+9 4
-7 4
+4 4
+3 17
+2 1
-2 3
+2 15
-2 45
+16 8
-5 4
+5 4
-6 4
+6 4
-6 4
+6 8
+2 6
+3 6
-3 6
+7 12
+4 6
+8 2
+3 2
+10 3
-10 6
+10 9
+2 3
+21 3
-21 3
cfi=(22)
cfn=(60)
calls=3 41 
* 105
* 9
+17 3
-13 9
+50 9
cfi=(29)
cfn=(128)
calls=3 -46 
* 47
* 3
+5 6
+1 6
-1 100
+1 100
+2 6
+3 3
+3 3
+4 36
131 11
-12 6
+34 1
+7 4
+8 12
fi=(28)
56 6
cfi=(27)
cfn=(76)
calls=3 -21 
* 75
* 3
fe=(26)
200 12
64 2
+2 3
+1 2
+10 5
-6 2

fn=(82) _dl_add_to_namespace_list
31 8
+2 4
-2 8
+2 4
-2 8
+2 4
cfi=(24) ./elf/../sysdeps/nptl/dl-tls_init_tp.c
cfn=(84) rtld_mutex_dummy
calls=4 +9 
* 12
+2 31
+3 36
+2 3
+2 3
+4 3
+4 3
-4 6
+1 3
+4 3
-4 3
+1 3
+3 3
-3 3
+3 3
-1 3
cfi=(24)
cfn=(84)
calls=3 -8 
* 9
-4 1
+4 1
-4 2
+1 1
+4 1
-4 1
+1 1
+3 1
-3 1
+3 1
-1 1
cfi=(24)
cfn=(84)
calls=1 -8 
* 3
-5 2

fl=(67) ./io/../sysdeps/unix/sysv/linux/stat64.c
fn=(220) stat
28 20
+1 40
cfi=(59)
cfn=(192)
calls=10 153 
* 98

fl=(60)
fn=(194)
47 32
+3 32
+8 64
+2 16

fl=(154) ./elf/./elf/dl-call-libc-early-init.c
fn=(506) _dl_call_libc_early_init
27 1
+2 2
-2 1
+6 3
-6 1
+6 3
-6 1
+6 1
cfi=(153) ./elf/./elf/dl-lookup-direct.c
cfn=(502) _dl_lookup_direct
calls=1 +41 
* 177
+4 2
+2 4
+2 1
-1 1
+1 2
-1 1
cob=(3)
cfi=(155)
cfn=(508)
calls=1 -7 
* 1152

fl=(68) ./elf/./elf/dl-cache.c
fn=(230) _dl_cache_libcmp
370 16
+1 16
+32 16
-33 32
+1 38
+2 84
+2 84
-2 168
+20 162
+2 162
-12 68
+2 68
+14 68
+1 68
-29 136
+32 9
-28 6
+8 3
-2 6
+1 6
-1 3
+2 9
+2 3
-3 3
+3 9
+2 6
+9 39

fn=(536) _dl_unload_cache
537 1
+1 4
-1 1
+3 2
cfi=(128)
cfn=(538) munmap
calls=1 117 
* 6
+1 1
+4 1
+2 2

fn=(222) _dl_load_cache_lookup
416 20
+2 4
+3 6
+69 3
+5 1
208 1
495 3
208 1
495 2
+3 6
fi=(70) ./elf/../sysdeps/x86/dl-procinfo.h
39 4
+3 6
cfi=(32)
cfn=(90)
calls=2 +66 
* 50
* 8
fe=(68)
212 12
cfi=(10)
cfn=(24)
calls=2 402 
* 42
* 2
+16 4
-16 2
+6 4
+10 2
-7 10
+9 6
+1 2
-37 4
+37 2
+4 4
-5 33
+1 11
-37 22
+37 11
+4 22
+4 39
cfn=(230)
calls=13 370 
* 994
+1 26
359 11
+3 8
228 8
360 7
228 20
+2 10
+20 6
+3 6
+2 12
cfn=(230)
calls=3 370 
* 294
* 6
+2 1
-9 6
-30 4
+1 2
+95 2
-95 2
-1 16
+96 6
-47 4
+10 4
+1 6
fi=(69) ./elf/../sysdeps/generic/dl-cache.h
125 10
fe=(68)
294 4
+9 4
+3 4
+2 6
+1 4
+5 4
+1 8
+7 4
+21 8
513 4
+12 4
cfi=(22)
cfn=(60)
calls=2 41 
* 70
* 24
+1 2
-1 2
+1 2
-1 2
+1 2
cfi=(29)
cfn=(80)
calls=2 212 
* 22
* 2
+1 2
cfi=(45)
cfn=(140)
calls=2 40 
* 178
+1 16
-3 4
424 4
cfi=(54)
cfn=(224)
calls=1 36 
* 91
* 1
+8 5
+1 8
+3 4
+1 1
-1 3
fi=(69)
194 1
+1 5
fe=(68)
444 1
+1 2

fl=(160)
fn=(524)
67 2
+5 2
+3 2
+2 2
+10 2
+6 2
+1 2
+1 2
+1 2
+1 2
+1 2
+1 2
+4 2
+1 2
+3 2
+1 2
+2 2
+1 2
+1 2
+1 2
+1 2
+1 2
+2 2
+7 2
+1 2
+1 2
cfi=(161)
cfn=(526)
calls=2 -80 
* 1643
+1 2
+5 2
+1 2
+1 2
+2 2
+1 2
+1 2
+1 2
+1 2
+1 2
+1 2
+2 2
+2 2
+4 2
+2 2

fl=(152) ./elf/../sysdeps/nptl/dl-mutex.c
fn=(500) __rtld_mutex_init
30 2
+10 3
-10 1
+10 2
-10 1
+7 1
+3 2
cfi=(153)
cfn=(502)
calls=1 +34 
* 175
+4 2
+1 8
+2 3
-2 1
+2 3
cfi=(153)
cfn=(502)
calls=1 +27 
* 198
+4 2
+1 6
+1 2
-1 1
+1 2

fl=(64)
fn=(204)
25 4
+1 16
+1 4

fl=(49)
fn=(206) _dl_audit_objopen
76 3
+1 12

fn=(608)
117 1
+1 4

fn=(866)
96 5
+1 20

fn=(154) _dl_audit_activity_map
28 6
+2 1
-1 1
+1 2
+6 6

fn=(534)
40 6
+4 3
-4 3
+4 3
-4 3
+4 3
-4 6
+4 3
+1 3
+1 12
+4 18

fl=(128)
fn=(410)
117 25
+5 5

fn=(538)
117 5
+5 1

fl=(36)
fn=(102)
120 5
+2 1

fl=(12)
fn=(246) dfs_traversal.part.0
140 80
+8 10
-2 10
+2 20
+2 28
+3 34
-3 68
+9 20
+15 30
+1 10
+1 60
-17 15

fn=(22)
279 2
+1 4
cfi=(10)
cfn=(24)
calls=1 402 
* 20
+2 3
-1 1
+2 2

fn=(244)
288 20
+8 2
-8 2
+8 4
+4 16
-79 4
-37 2
+37 2
-36 8
+1 2
-1 2
+1 2
-1 4
+1 8
-1 8
+1 8
-1 16
+36 30
+8 6
-3 2
+2 2
+1 2
-8 2
+5 2
+3 8
+2 24
+2 10
-90 50
cfn=(246)
calls=10 -3 
* 385
+93 20
+18 4
+13 2
+33 2
-26 8
cfi=(29)
cfn=(80)
calls=2 -62 
* 38
* 2

fl=(1) ???
fn=(0) 0x00000000000202b0
0 2
cfi=(2)
cfn=(2) _dl_start
calls=1 527 
0 182211
0 14
cfi=(163) ./elf/./elf/dl-init.c
cfn=(542) _dl_init
calls=1 77 
0 448
0 3
cob=(6)
cfi=(170)
cfn=(586) (below main)
calls=1 0 
0 186888542727

fl=(24)
fn=(264) __tls_init_tp
68 2
fi=(241) ./elf/../include/list.h
-24 1
fe=(24)
+24 1
fi=(241)
-25 1
fe=(24)
+26 1
+3 1
fi=(241)
-29 1
+1 1
+1 1
+2 1
fe=(24)
+28 4
+1 2
+1 1
+5 2
+5 1
+6 1
-3 1
+3 1
-6 3
+6 1
+13 3
fi=(75) ./elf/../sysdeps/unix/sysv/linux/rseq-internal.h
-72 1
fe=(24)
+72 1
cfi=(10)
cfn=(24)
calls=1 402 
* 20
fi=(75)
-74 3
+2 6
+3 2
+3 1
fe=(24)
+83 3
+7 2
+2 1
+1 1
+1 3

fn=(84)
42 10
+2 20

fn=(66) __tls_pre_init_tp
53 3
+3 8
+5 1
-5 1
+5 1
+1 1
-6 1
+8 1

fl=(32)
fn=(90)
108 256
+33 256
+1 256
+2 256
+1 256
+21 256
+1 256
+1 225
+1 225
+1 189
+1 189
+1 189
+1 189
+21 189
+1 189
+1 189
+1 189
+1 189
+1 189
+1 189
+5 4
+1 12
+9 4
+1 4
+1 4
+1 4
+1 4
+1 4
+1 4
+1 4
-7 67
+1 67
+1 67
+1 67
+1 67
+1 67
+1 67
+1 67
+1 63
+1 30
+1 30
+1 30
+2 30
+1 30
+1 30
+1 30
+1 30
+1 30
-5 33
+1 33
+1 33
+1 33
+1 33
+1 33
+10 8
+1 8
+1 8
+2 8
+6 8
+1 8
+1 8
+1 8
+1 8
+5 8
+2 6
+1 6
+1 12
+8 6
+1 6
+3 6
+1 6
+1 6
+1 6
+1 6
+1 6
444 1
+1 1
+1 1
+1 1
+1 1
+2 1
+1 1
+1 1
+1 1
+1 1
+1 1
+1 1
+1 1
+3 1
+1 1
+1 1
+6 1
+1 1
+1 2
+4 1
+1 1
+3 1
+1 1
+1 1
+3 1
+1 1
+1 1
+6 1
+1 1
+1 1
+1 1
+1 1
+1 1
943 2
+1 2
+1 2
+1 2
+1 2
+2 2
+1 2
+1 2
+1 2
+1 2
+1 2
+1 2
+1 2
+4 2
+1 2
+1 2
+6 2
+1 2
+1 4
+4 2
+1 2
+3 2
+1 2
+1 2
+3 2
+1 2
+1 2
+6 2
+1 2
+1 2
+1 2
+1 2
+1 2
+72 6
+1 6
+1 6
+1 6
+1 6
+2 6
+1 6
+1 6
+1 6
+1 6
+1 6
+1 6
+1 1
+4 1
+1 1
+1 1
+6 1
+1 1
+1 2
+4 1
+1 1
+3 1
+1 1
+1 1
+3 1
+1 1
+1 1
+6 1
+1 1
+1 1
+1 1
+1 1
+1 1
+7 1
+1 1
+2 1
+1 1
+2 1
+1 1
+1 1
+3 1
+1 1
+1 1
+6 1
+1 1
+1 1
+1 1
+1 1
+1 1
+41 2
+1 2
+1 2
+1 2
+1 2
+2 2
+1 2
+1 2
+1 2
+1 2
+1 2
+1 2
1318 20
+1 20
+1 20
+1 20
+1 20
+2 20
+1 20
+1 20
+1 20
+1 20
+1 20
+1 20
+1 7
+4 7
+1 7
+1 7
+6 7
+1 7
+1 14
+4 7
+1 7
+3 7
+1 7
+1 7
+3 7
+1 7
+1 7
+6 7
+1 7
+1 7
+1 7
+1 7
+1 7
1693 6
+1 6
+1 6
+1 6
+1 6
+2 6
+1 6
+1 6
+1 6
+1 6
+1 6
+1 6
+1 3
+4 3
+1 3
+1 3
+6 3
+1 3
+1 6
+4 3
+1 3
+3 3
+1 3
+1 3
+3 3
+1 3
+1 3
+6 3
+1 3
+1 3
+1 3
+1 3
+1 3
+72 1
+1 1
+1 1
+1 1
+1 1
+2 1
+1 1
+1 1
+1 1
+1 1
+1 1
+1 1
1943 1
+1 1
+1 1
+1 1
+1 1
+2 1
+1 1
+1 1
+1 1
+1 1
+1 1
+1 1
+1 1
+4 1
+1 1
+1 1
+6 1
+1 1
+1 2
+4 1
+1 1
+3 1
+1 1
+1 1
+3 1
+1 1
+1 1
+6 1
+1 1
+1 1
+1 1
+1 1
+1 1
+72 24
+1 24
+1 24
+1 24
+1 24
+2 24
+1 24
+1 24
+1 24
+1 24
+1 24
+1 24
+2 6
+4 6
+1 6
+1 6
+6 6
+1 6
+2 12
+4 6
+1 6
+3 6
+1 6
+1 6
+3 6
+1 6
+1 6
+6 6
+1 6
+1 6
+1 6
+1 6
+1 6
+74 27
+2 27
+1 27
+1 27
+1 27
-3 44
+1 44
+1 44
+1 44
+1 60
+5 30
+6 30
+1 30
+8 30
+1 30
-16 226
+6 226
+1 226
+8 226
+1 226

fl=(153)
fn=(502)
74 30
+2 3
-2 3
+4 3
-4 3
+2 3
+2 9
+37 3
-37 9
+1 6
+2 12
+3 25
-52 3
+54 6
-54 3
+54 3
-54 9
+1 9
+2 6
+1 6
+12 12
+3 3
+2 3
-2 3
+2 9
cfi=(32)
cfn=(90)
calls=3 +55 
* 207
* 6
+4 6
+1 3
-1 3
+1 18
+1 9
cfi=(32)
cfn=(90)
calls=3 +49 
* 75
* 6
+57 27
-23 6

fl=(15)
fn=(32)
37 1
+2 3
+2 1
cfi=(16)
cfn=(34)
calls=1 399 
* 7206

fn=(504)
71 1
-32 3
+32 2

fl=(7) ./elf/./elf/dl-minimal.c
fn=(496) lookup_malloc_symbol
61 8
+3 4
-3 16
+3 4
-3 4
+3 8
-1 4
+1 12
cfi=(78)
cfn=(278)
calls=4 840 
* 2280
+4 28
+1 28
+2 4
fi=(151) ./elf/./dl-sym-post.h
-30 8
+12 12
fe=(7)
+19 20

fn=(12) __rtld_malloc_init_stubs
42 1
+1 2
+1 2
+1 2
+1 2
+1 1

fn=(136) strsep
239 2
+3 4
+2 2
+1 4
+4 33
+7 84
-2 56
+13 1
+4 4
-22 14
+15 14
-15 30

fn=(492) __rtld_malloc_init_real
76 2
+10 1
fi=(150) ./elf/../sysdeps/generic/dl-hash.h
-41 1
fe=(7)
+31 1
fi=(150)
-32 1
fe=(7)
+32 5
+11 1
-1 1
fi=(150)
-43 1
+5 3
+14 4
-17 3
+3 15
+14 20
-17 15
fe=(7)
+46 2
fi=(150)
-24 1
fe=(7)
+22 1
+2 2
fi=(150)
-19 1
fe=(7)
+19 1
cfn=(496)
calls=1 -30 
* 619
+1 3
-1 1
+1 1
cfn=(496)
calls=1 -31 
* 619
+1 3
-1 1
+1 1
cfn=(496)
calls=1 -32 
* 605
+1 3
-1 1
+1 1
cfn=(496)
calls=1 -33 
* 597
+5 1
+1 1
+1 1
+1 1
+1 7

fl=(76) ./elf/../sysdeps/x86/dl-cet.c
fn=(268) _dl_cet_check
252 8
42 1
+9 1
-10 1
+4 1
-4 1
+3 1
+4 2
+1 2
-1 2
+14 2
254 8

fl=(47) ./elf/../elf/dl-tls.c
fn=(260) _dl_determine_tlsoffset
221 8
+6 3
+3 2
+36 3
+2 1
-2 1
-2 1
-40 1
-1 1
-1 1
+46 2
+23 3
+3 1
-3 4
+2 2
-2 1
-25 1
+20 1
-20 5
+2 2
+3 1
-1 1
+5 2
-5 1
+1 1
-1 1
+3 2
+2 3
+32 3
-1 1
+1 4
+2 2
-2 2
+53 8

fn=(258) _dl_tls_static_surplus_init
97 2
+4 1
-4 2
+4 1
-4 2
+4 3
cfi=(10)
cfn=(24)
calls=1 402 
* 21
* 1
+1 4
cfi=(10)
cfn=(24)
calls=1 402 
* 21
* 1
+8 1
-8 1
+6 2
+2 3
+3 1
+2 1
-32 3
+34 3
+1 5

fn=(412) _dl_add_to_slotinfo
1015 8
+6 1
+3 1
+1 1
+4 3
+34 2
+3 3
+1 3
+3 6

fn=(148) _dl_count_modids
197 1
+2 2
+1 1
+15 2

fn=(482) _dl_allocate_tls_init
528 10
+1 2
+4 1
+6 1
-6 1
+6 1
cfi=(24)
cfn=(84)
calls=1 42 
* 3
+3 3
+12 1
-18 1
-1 1
+43 3
-19 13
+9 3
+1 2
+6 3
+1 1
+2 2
-2 1
+6 1
-4 2
+4 1
-4 2
+3 2
+4 2
+1 4
+2 2
+1 2
+17 1
-8 1
+8 1
+2 3
cfi=(29)
cfn=(128)
calls=1 199 
* 13
* 5
cfi=(44)
cfn=(132)
calls=1 125 
* 25
-49 1
+55 1
-55 4
+6 4
+55 2
cfi=(24)
cfn=(84)
calls=1 42 
* 3
+3 2
+3 9

fn=(262) _dl_allocate_tls_storage
422 2
+13 1
-13 2
+2 1
+12 1
fi=(28)
56 1
cfi=(27)
cfn=(76)
calls=1 -21 
* 53
fe=(47)
437 3
+8 2
fi=(28)
44 1
fe=(47)
445 2
+1 1
+4 321
+19 1
-99 1
+4 1
+1 1
fi=(28)
44 1
cfi=(27)
cfn=(72)
calls=1 +34 
* 36
fe=(47)
376 2
+3 1
+6 2
+90 5

fn=(236) _dl_assign_tls_modid
131 2
+3 1
+13 1
-13 1
+52 1
+2 1
+3 1
+1 2

fl=(31)
fn=(172)
2022 60
+8 12
+1 24
+3 93
+5 126
+2 54
cfi=(54)
cfn=(174)
calls=18 68 
* 1896
* 36
+4 30
+1 45
+4 6
-1 30
+1 6
+1 6
-1 6
+1 6
cfi=(32)
cfn=(90)
calls=6 108 
* 222
* 12
2329 54
2068 3
+1 3
-1 3
+1 3
-1 3
+1 3
-1 6
-44 3
+53 9
+17 6
-2 3
+2 3
cfi=(42)
cfn=(118)
calls=3 23 
* 72
* 6
2260 2
-1 3
cfn=(138) expand_dynamic_string_token
calls=1 385 
* 168
+2 1
-3 1
+1 1
+2 2
+4 5
cfn=(176) open_verify.constprop.1
calls=1 1568 
* 283
+3 2
-3 1
+3 1
+12 4
+46 1
+1 3
-1 1
+1 9
cfn=(184) _dl_map_object_from_fd
calls=1 944 
* 1819
-1 2
+1 6
-1 2
+1 18
cfn=(184)
calls=2 944 
* 4109
* 9
2098 4
cfi=(22)
cfn=(60)
calls=2 41 
* 34
* 4
+2 4
+7 8
+51 22
cfn=(216) open_path
calls=2 1870 
* 1944
+6 2
-6 2
+6 8
682 2
2165 2
682 4
2252 4
+28 8
+2 8
2111 2
696 6
2111 2
+1 2
696 4
2116 6
682 2
2117 2
682 4
2173 2
+14 4
+2 6
+4 4
cfi=(68)
cfn=(222)
calls=2 416 
* 2328
* 2
+2 4
+4 4
+8 6
+23 12
cfn=(218) open_verify.constprop.0
calls=2 1568 
* 669
+4 4
-4 2
+4 2
+1 4
2131 10
+1 20
682 2
2133 2
682 4
2157 6
+1 4
-16 4

fn=(88) _dl_process_pt_gnu_property
868 4
+8 4
-8 4
+8 4
-6 4
+12 8
-13 4
+13 4
-13 4
+13 8
+3 12
+1 8
+1 8
+43 4

fn=(176)
1568 11
+39 3
+19 4
cfi=(55)
cfn=(178)
calls=1 28 
* 19
* 1
+2 2
+11 1
+6 2
-5 1
+5 8
cfi=(56)
cfn=(180)
calls=1 25 
* 6
+2 2
+2 2
+2 2
+6 2
+17 11
fi=(28)
50 2
cfi=(27)
cfn=(144)
calls=1 +45 
* 5
fe=(31)
1856 9
1674 3
+74 2
+5 2
+2 4
+6 2
+6 1
+1 1
-1 3
+1 1
-1 1
+1 2
+1 2
+20 3
+31 1
-31 1
1633 1
1820 2
-31 66
+1 28
+1 8
+4 8
+25 12
+3 18
+3 2
-4 2
+4 4
+6 4
-36 6

fn=(184)
944 30
+10 3
-10 12
+10 3
cfi=(46)
cfn=(186)
calls=3 38 
* 21
* 3
+7 12
+85 12
+10 6
+7 21
cfi=(26)
cfn=(70)
calls=3 59 
* 1078
* 3
+1 6
+11 6
+5 3
-5 3
+1 6
+1 3
+2 3
-2 3
+2 6
+1 9
+1 4
+19 4
-2 2
+2 22
-2 1
+2 40
+10 12
+85 3
-58 3
-34 3
-1 3
+93 3
+6 3
-64 6
+9 3
+55 6
-55 3
-42 3
+97 6
1101 3
-5 6
+15 86
+20 2
+1 1
-22 99
+1 185
1213 6
1110 3
1213 6
1110 9
1218 9
+10 6
+1 3
-1 3
+1 3
-1 9
+1 9
-1 9
+1 9
-1 27
1076 6
1235 6
+10 12
+7 6
fi=(61) ./elf/./dl-map-segments.h
96 3
fe=(31)
1252 9
fi=(61)
28 3
fe=(31)
1252 3
fi=(61)
96 3
fe=(31)
1252 3
fi=(61)
28 6
+1 24
cfi=(60)
cfn=(194)
calls=3 +18 
* 27
+74 6
-1 3
-73 3
+74 3
+3 6
+1 3
+2 3
-3 3
+1 3
+2 3
+17 3
+2 3
fi=(62) ./elf/./dl-load.h
-37 24
+1 9
+2 24
fi=(61)
+56 48
+8 3
-2 3
+1 3
+2 3
-1 3
+1 3
-1 9
+8 6
+3 6
+8 21
cfi=(44)
cfn=(132)
calls=3 -52 
* 251
+1 6
+5 6
+12 12
-59 60
+2 18
+3 9
-3 18
+2 72
cfi=(60)
cfn=(194)
calls=9 -93 
* 81
* 27
fi=(57) ./elf/../sysdeps/posix/dl-fileid.h
37 9
cfi=(58)
cfn=(190)
calls=3 -8 
* 45
* 6
fe=(31)
999 6
fi=(57)
40 9
fe=(31)
999 3
fi=(57)
40 3
fe=(31)
999 39
+1 18
fi=(57)
49 24
fe=(31)
1515 27
1018 6
+66 13
+1 2
-1 1
+1 1
-1 1
+1 1
cfi=(71)
cfn=(234)
calls=1 25 
* 7
* 2
+26 38
+26 72
+10 12
-1 12
-1 12
+2 12
+2 12
-2 12
-1 72
+2 24
+1 12
+2 12
-3 12
+3 72
+2 24
+4 24
+1 45
+4 9
+1 9
-1 9
+1 63
-18 9
+28 9
-11 3
+1 3
-1 3
+1 21
-18 3
+28 3
-56 6
+7 3
+2 3
-2 3
+1 3
+1 3
-1 6
+1 24
+50 3
+5 1
-1 2
+5 1
-5 2
-56 1
+61 4
+1 1
+3 1
-3 1
+8 4
+15 6
+1 3
+58 12
+1 9
fi=(63) ./elf/./elf/get-dynamic-info.h
39 6
+6 3
-2 3
+2 6
+9 3
+5 3
+3 3
+2 3
-3 3
-3 3
-3 48
+13 14
-23 56
+23 52
-23 208
+4 132
+5 68
+2 15
+3 12
+13 12
+10 11
+1 12
+1 12
+1 12
+2 12
+5 11
+1 11
+1 12
+3 9
+5 4
+7 6
+1 9
+22 9
+5 4
+2 4
+2 4
+2 4
+4 9
+2 3
+1 2
+9 2
+6 2
+4 6
fe=(31)
1275 6
+1 6
+2 6
+10 9
+19 9
+2 15
+52 9
+1 2
+6 24
+1 60
+6 12
cfn=(88)
calls=3 868 
* 60
-7 78
+1 36
+6 36
-6 72
fi=(30) ./elf/../sysdeps/x86/dl-prop.h
95 24
213 3
-1 6
105 6
212 3
105 3
-2 3
-3 3
+2 3
+3 3
-4 6
+92 12
-1 3
-87 9
+3 9
+1 6
+1 6
+4 9
+4 9
+3 9
+1 6
+4 3
+1 12
+58 9
+2 12
-56 10
+1 5
+3 10
+3 5
+1 20
+5 10
+2 10
+5 10
+14 5
-1 10
+2 4
-1 6
fe=(31)
1380 6
cfi=(64)
cfn=(204)
calls=3 25 
* 18
* 6
+13 6
+2 12
+2 6
+16 6
cfi=(8)
cfn=(14)
calls=3 25 
* 87
+4 6
+1 6
+17 6
+1 1
+3 1
+5 1
-5 1
+5 1
-5 2
+5 2
-5 2
+5 2
+10 6
+7 18
+10 6
+1 4
+5 2
cfi=(47)
cfn=(236)
calls=1 131 
* 10
+7 9
cfi=(26)
cfn=(82)
calls=3 31 
* 147
+3 12
+23 21
+1 9
cfi=(49)
cfn=(206)
calls=3 76 
* 15
* 3
fi=(62)
95 10
+2 2
-1 4
+1 2
-1 2
+1 2
-1 2
+1 2
-1 4
+3 8
fe=(31)
1506 15
fi=(30)
198 12
+2 3
+1 3
+2 3
-3 9
fe=(31)
1368 9
fi=(63)
62 12
+2 12
fe=(31)
1084 2
fi=(61)
187 8
cfi=(60)
cfn=(194)
calls=1 47 
* 9
+3 2
fe=(31)
1462 9
+2 2
-1 10
+1 2
-1 2
+1 2
-1 2
cfi=(32)
cfn=(90)
calls=2 108 
* 50
* 4
+2 5
1275 4
fi=(57)
49 3
fi=(30)
170 6
-39 4
fe=(31)

fn=(106) _dl_init_paths
706 11
+14 1
-14 2
+14 2
cfi=(38)
cfn=(108)
calls=1 175 
* 1847
fi=(28)
56 1
fe=(31)
720 1
fi=(28)
56 1
cfi=(27)
cfn=(76)
calls=1 -21 
* 25
fe=(31)
725 1
+2 2
+7 2
+1 2
-1 3
+5 3
fi=(28)
56 1
cfi=(27)
cfn=(76)
calls=1 -21 
* 25
fe=(31)
739 1
+2 4
+17 1
-10 1
+19 1
-11 1
-9 1
+9 1
+12 2
-10 1
+3 2
+9 1
-7 1
+4 1
+3 2
-3 1
-8 1
+3 1
+8 1
-3 1
+1 16
cfi=(44)
cfn=(132)
calls=4 125 
* 72
+2 18
-14 3
+10 3
+4 3
-12 3
-2 3
+2 3
+4 3
-3 3
+3 3
+1 3
-2 3
+5 6
+1 3
-4 3
+4 3
+15 1
+3 1
-15 1
+7 1
-1 1
+9 2
+2 4
+2 3
+36 5
+2 2
cfi=(22)
cfn=(60)
calls=1 41 
* 17
* 9
-19 1
-2 1
+2 2
+19 9
cfi=(29)
cfn=(80)
calls=1 212 
* 11
* 1
+5 4
-1 2
+2 1
+1 2
-2 4
+1 13
+1 26
-2 52
+5 1
fi=(28)
56 1
cfi=(27)
cfn=(76)
calls=1 -21 
* 25
fe=(31)
836 1
fi=(28)
56 1
fe=(31)
838 2
+6 6
cfn=(134) fillin_rpath.isra.0
calls=1 468 
* 587
+3 3
+6 1
+4 8
-35 2
+5 2

fn=(212)
238 10
+3 5
-3 10
+7 5
-7 10
+3 5
cfi=(42)
cfn=(118)
calls=5 23 
* 168
+3 10
+20 35

fn=(216)
1870 16
+1 2
-1 12
+1 2
+6 4
+5 32
-7 4
+7 2
-8 2
+8 4
+3 4
+9 12
+7 6
+1 2
-1 2
cfi=(29)
cfn=(128)
calls=2 199 
* 26
-12 2
+12 2
+59 10
-58 8
+3 40
+5 88
cfi=(29)
cfn=(128)
calls=11 199 
* 147
* 44
cfi=(29)
cfn=(128)
calls=11 199 
* 143
+3 22
+6 33
+3 66
cfn=(218)
calls=11 1568 
* 594
* 11
+2 33
+2 20
+65 16
+7 4
-2 4
+2 4
+3 6
-13 2
+27 18
-65 4
+2 2
-50 107
+29 20
+1 70
+6 20
+2 10
-2 10
+2 20
cfi=(67)
cfn=(220)
calls=10 28 
* 158
* 10
+3 10
-3 20
+1 1
+2 2
-2 1
+2 26
-61 4

fn=(218)
1568 143
+39 39
+19 52
cfi=(55)
cfn=(178)
calls=13 28 
* 280
* 13
+2 26
+11 2
+6 4
-5 2
+5 16
cfi=(56)
cfn=(180)
calls=2 25 
* 12
+2 4
+2 4
+2 4
+6 4
+17 22
fi=(28)
50 4
cfi=(27)
cfn=(144)
calls=2 +45 
* 10
fe=(31)
1856 117
1674 6
+74 4
+5 4
+2 8
+6 4
+6 2
+1 2
-1 6
+1 2
-1 2
+1 4
+1 2
+20 6
+31 2
-31 2
1633 2
1820 4
-31 84
+1 44
+1 16
+4 16
+6 4
+1 28
+10 12
cfi=(71)
cfn=(234)
calls=2 25 
* 14
* 16
+8 36
+15 4
+6 2
-3 2
+1 2
+1 2
+1 4
-3 2
+1 2
+1 2
+2 2
-3 6
-1 2
+4 4
-19 36
+3 4
-4 4
+4 8
+5 2
+1 8
-60 13
+1 3
-1 1
+1 3
cfi=(71)
cfn=(234)
calls=1 25 
* 7
* 3
+16 5
+7 6
1612 22
+62 6
1802 4
-30 2

fn=(138)
385 14
241 2
385 2
241 2
385 2
241 2
cfi=(42)
cfn=(118)
calls=2 23 
* 72
+3 4
410 2
-11 2
+11 12
-11 2
cfi=(45)
cfn=(140)
calls=2 40 
* 168

fn=(134)
468 7
+4 1
-4 8
+6 3
cfi=(7)
cfn=(136)
calls=1 239 
* 240
* 3
cfi=(7)
cfn=(136)
calls=1 239 
* 8
* 6
+7 2
+2 3
cfn=(138)
calls=1 -98 
* 118
* 1
+4 2
+5 2
cfi=(22)
cfn=(60)
calls=1 41 
* 17
* 1
+1 2
+7 5
+9 15
+1 8
+55 2
fi=(28)
50 2
cfi=(27)
cfn=(144)
calls=1 +45 
* 5
+1 1
fe=(31)
528 2
+4 3
fi=(28)
56 1
cfi=(27)
cfn=(76)
calls=1 -21 
* 25
* 1
fe=(31)
534 2
+5 1
+1 2
-1 1
-1 1
+2 1
cfi=(29)
cfn=(128)
calls=1 199 
* 13
+3 1
-3 1
+1 1
+2 1
+6 1
+1 1
-1 3
+1 11
+1 1
-1 1
+1 2
-1 2
+1 1
-1 1
+1 2
-1 6
+1 1
-1 1
+1 1
-1 3
+1 1
-1 2
+3 1
+1 1
-1 1
+1 2
+1 1
+6 2
+1 2
-57 4
+66 1
+3 8
-46 4

fl=(43)
fn=(124)
22 1
+5 1
+1 1
+1 1
+1 1
+1 1
+1 1
+1 1
+1 1
+3 1
+1 1
+1 1
+1 1
+1 1
+1 1
+1 1
+1 1
+1 1
+2 1
+1 1
+17 1
+1 1
+17 1
+1 1
+1 1
+1 1
+1 1
+4 1
+47 1
+1 1
+1 1
+1 1
+1 1
+1 1
+1 1
+1 1
+1 1
+1 1
+1 1
+1 1
+1 1

fl=(53)
fn=(168)
30 6
+2 6
+9 6
+1 12
+1 6
+4 6
+1 6
+1 6
+1 6
+1 6
+2 12
+2 6
+1 6
+1 6
+2 12
+2 6
+8 6
+3 6
+1 6
+7 6
+1 6

fl=(78)
fn=(280) do_lookup_x
363 912
+1 114
-1 570
+48 114
-30 228
-11 114
+41 114
-30 342
+30 114
fi=(79) ./elf/../sysdeps/generic/dl-protected.h
44 342
fe=(78)
381 114
fi=(79)
44 456
fe=(78)
395 1416
+4 472
+4 472
-3 472
+3 1888
+1 1416
+3 472
+1 944
+7 472
-3 944
-2 472
+5 1888
+3 3304
570 1104
374 944
+3 944
+4 944
+4 944
+4 944
+88 208
fi=(4)
137 208
+1 312
fe=(78)
528 208
fi=(79)
29 208
fe=(78)
535 800
+16 208
+1 104
+1 208
422 476
-1 238
+2 238
+2 1380
+13 435
-10 1245
+3 107
-1 214
+1 107
-1 107
+2 214
-1 1284
cfn=(282) check_match
calls=107 70 
* 10346
+4 321
+3 6
573 10
+1 912
-35 24
-70 22
171 77
452 832

fn=(278)
840 1140
+10 114
-10 228
+10 114
-10 114
+10 114
204 114
840 114
204 570
581 456
-1 228
+2 114
-1 114
+1 342
-1 342
+1 1432
-1 1432
+1 4296
-1 4296
+2 114
846 114
-4 114
+1 114
+7 114
-8 114
+1 114
+7 420
+3 114
+2 228
-2 114
+6 228
-7 684
+7 50
+1 1596
cfn=(280)
calls=114 363 
* 45049
* 342
+28 114
-23 114
+23 114
-23 228
+24 608
+7 104
-7 104
+40 416
+79 208
-65 312
+3 312
-62 114
+69 1026
-86 60
+18 30
+59 2

fn=(282)
70 107
+3 107
-3 1284
+3 422
+13 104
-13 104
+13 104
-13 104
+13 312
+3 360
cfi=(32)
cfn=(90)
calls=38 +19 
* 1766
* 76
+4 104
+1 208
+2 204
+19 204
+1 816
-38 104
+84 624
-18 4
+2 4
+1 2
-1 4
+1 6
-1 4
+16 18
-45 306
cfi=(32)
cfn=(90)
calls=102 -9 
* 2662
* 204
-44 12
+82 6

fl=(19)
fn=(46)
255 24
-5 24
+16 12
-16 72
+13 12
+1 36
-3 24
+11 60
+5 24
+2 12
+1 12
-1 12
+5 48
cfn=(48) intel_check_word.constprop.0
calls=12 123 
* 3876
+2 24
+3 60
cfn=(48)
calls=12 123 
* 1156
+2 24
+3 5
cfn=(48)
calls=1 123 
* 20
+2 2
+3 5
cfn=(48)
calls=1 123 
* 255
+2 2
-35 3
+39 3
+5 96

fn=(48)
123 78
-4 78
+10 104
-10 26
+10 52
+2 52
+71 200
-71 102
+2 63
+2 126
+8 126
+51 102
+22 51
fi=(20) ./elf/../bits/stdlib-bsearch.h
28 51
-1 102
+4 102
+1 51
fe=(19)
+78 102
fi=(20)
-79 76
+1 38
fe=(19)
+78 76
+3 345
fi=(20)
-84 820
+2 512
+1 256
fe=(19)
+78 512
+15 15
246 104
fi=(20)
37 63
-8 151
fe=(19)
155 36
+3 36
-6 54
+3 14
+9 14
+23 19
-32 57
+3 57
+4 50
+2 100
+2 50
+2 36
+4 11
+2 22
+6 14
+3 8
+1 12
-8 4
+2 4
-1 4
-1 4
+2 8
-2 4
+3 12
-2 12
+2 8
-10 24
+1 10
+11 12
-26 4
+9 4
+23 2
-32 6
+3 6
+4 8
+2 16
+2 8
-11 3
+7 6
+2 12

fn=(52)
481 1
+17 1
-17 4
+16 1
-16 1
+15 1
-15 3
+18 1
-1 1
+9 2
+3 3
+11 1
-11 1
-5 1
+21 3
+4 2
681 4
+1 5
+4 2
+9 2
-2 1
+2 2
-1 1
+1 3
535 6
+3 8
+7 2
-7 9
+7 6
+3 26
+14 2
+4 1
+3 1
+1 1
-4 2
+3 3
+6 2
-37 6
+15 2
+4 1
+1 1
-1 2
+18 2
-68 6
+74 4
+8 7
+2 2
+4 3
+2 1
+2 5
-4 1
+16 1
-16 3
+21 2
-21 4
+3 1
+1 4
-4 1
+6 4
+3 2
+5 1
+2 2
+1 1
+1 1
-2 2
+1 1
-19 5
+46 2
+1 1
+1 2
+2 2
-1 3
-23 2
+7 1
+2 2
-16 1
+22 1
-6 2
+1 1
+5 1

fl=(41)
fn=(120) _dl_hwcaps_contains
66 6
+1 12
+1 6
+9 6

fn=(116)
51 55
-25 42
+4 24
+4 48
+1 12
-1 24
+2 24
+5 27
cfi=(42)
cfn=(118)
calls=9 -18 
* 216
+1 18
+3 6
+11 12
+1 12
+1 6
-1 6
+1 6
-2 6
+1 6
+1 3
-1 3
+1 27
cfn=(120)
calls=6 +8 
* 30
* 12
-3 5
+7 44
-19 6
cfi=(22)
cfn=(60)
calls=3 -2 
* 51
* 3

fn=(122)
25 4
+1 3
+21 1
-20 1
+20 3

fl=(10)
fn=(18)
279 9
-9 9
71 370
+6 73
-3 146
+3 7207
+4 146
+5 146
fi=(11) ./elf/./elf/dl-tunables.h
+54 73
fe=(10)
-54 292
fi=(11)
+55 188
-1 147
+1 42
-1 73
+1 146
fe=(10)
320 292
-18 10220
+6 16060
fi=(11)
140 657
+1 1314
-1 45
+1 180
-1 225
fe=(10)
354 8
74 146

fn=(24)
402 34
+3 238
+9 34
-9 130
+9 10
+17 170
+2 34
-9 24
+1 24

fn=(54)
157 15
-55 5
+55 5
-55 5
+55 5
-55 35
+9 5
+1 5
fi=(242) ./elf/./dl-tunable-types.h
-22 10
fe=(10)
+22 20
+1 40
fi=(11)
+8 10
+1 5
fe=(10)
-6 15
fi=(11)
+15 5
fe=(10)
-12 10
+4 10
+7 10
+1 10
+3 30
+1 5
+1 5
+1 5
+24 5
fi=(11)
-30 15
fe=(10)

fl=(55)
fn=(178)
28 15
+3 15
-3 45
+3 90
+8 105
+2 4
-2 33
+2 11

fl=(2)
fn=(2)
527 10
85 1
fi=(6)
-40 1
fe=(2)
557 1
-4 1
85 2
556 1
85 1
fi=(3) ./elf/./get-dynamic-info.h
-40 1
fe=(2)
556 1
fi=(3)
45 2
+9 1
+5 1
+3 1
+2 1
+4 1
-7 1
-3 1
-3 14
+13 4
-23 16
+23 14
-23 56
+4 36
+5 20
+2 5
+3 4
fi=(4)
+21 1
fi=(3)
-8 3
+10 4
+1 4
+1 4
+1 4
+2 4
+5 4
+1 4
+1 4
+3 3
+5 2
+7 3
+1 3
+8 2
+1 2
+5 3
+3 3
fe=(2)
573 1
fi=(6)
71 1
fe=(2)
573 42
fi=(6)
414 1
fi=(5)
86 1
fe=(2)
573 2
fi=(5)
49 1
+37 1
-37 1
+37 1
+2 1
-2 1
+2 1
-2 1
+27 2
-27 1
fe=(2)
573 2
fi=(5)
49 1
+37 1
-37 1
+37 1
+2 1
-2 1
+2 1
-2 1
+27 3
+1 2
fi=(6)
534 2
fi=(5)
114 282
fi=(6)
534 282
+1 142
fi=(5)
113 142
fi=(6)
535 284
fi=(5)
113 284
+5 4
+8 7
fi=(6)
326 12
fi=(5)
126 21
+2 7
+2 7
-2 7
fi=(6)
287 7
fi=(5)
130 7
-2 7
+1 14
fi=(6)
287 14
+9 70
+3 14
+27 33
fe=(2)
573 6
fi=(5)
50 1
fi=(4)
+30 2
fi=(6)
326 2
+20 12
+1 6
fe=(2)
575 1
+13 1
cfi=(7)
cfn=(12)
calls=1 42 
* 10
+4 2
85 1
488 2
85 3
488 1
cfi=(8)
cfn=(14)
calls=1 25 
* 29
+2 2
-1 1
+1 2
+17 1
-15 1
-2 1
+17 1
-15 1
+9 1
-11 1
+17 1
cfi=(9)
cfn=(16)
calls=1 85 
* 180118
* 1
+2 2
+98 9
fi=(3)
62 4
+2 4
fe=(2)
573 3

fn=(256) init_tls
756 3
+2 1
+4 1
-4 1
+4 2
+11 1
fi=(28)
44 1
fe=(2)
768 1
+4 1
fi=(28)
44 1
cfi=(27)
cfn=(72)
calls=1 +34 
* 36
fe=(2)
783 1
-12 1
+6 1
-9 1
+11 1
+4 1
+2 3
-1 2
+3 10
+4 1
+2 1
-2 2
-5 1
-1 2
+10 3
+3 2
cfi=(47)
cfn=(258)
calls=1 97 
* 79
+3 1
cfi=(47)
cfn=(260)
calls=1 221 
* 76
+7 1
cfi=(47)
cfn=(262)
calls=1 422 
* 442
* 1
+1 2
+6 1
+3 2
-3 1
+3 6
+3 1
cfi=(24)
cfn=(264)
calls=1 68 
* 75
+1 1
+3 5
-39 4
-1 9

fn=(64)
1320 2
205 1
311 1
1320 2
2818 1
1320 3
2829 1
1320 2
2698 1
1320 2
311 1
1320 3
207 1
310 1
205 1
+99 3
1332 1
cfi=(24)
cfn=(66)
calls=1 53 
* 17
2677 3
+6 5
-4 1
+4 1
+2 3
cfi=(25)
cfn=(68)
calls=1 28 
* 61
* 4
cfi=(25)
cfn=(68)
calls=2 28 
* 432
* 9
+4 6
-2 2
+2 6
+1 2
-1 6
+1 17
-1 89
+9 12
2845 4
+32 2
1348 1
+1 2
-1 2
+1 2
2774 3
+1 3
-56 2
+7 2
1627 9
cfi=(26)
cfn=(70)
calls=1 59 
* 230
* 1
+2 2
+1 1
+6 2
-6 1
+1 2
+1 3
+4 1
cfi=(26)
cfn=(82)
calls=1 31 
* 36
+1 2
1140 1
1326 1
1169 1
-29 1
+11 1
+18 2
-21 1
+21 1
-19 1
-4 1
+23 1
-21 1
+21 2
+57 1
-83 1
+23 1
+4 1
+19 1
+22 1
+15 5
-56 116
1275 4
+2 1
1169 18
fi=(30)
105 2
fe=(2)
1282 22
+6 4
cfi=(31)
cfn=(88)
calls=1 868 
* 20
-7 26
+1 13
+6 13
-6 26
fi=(30)
212 4
+1 2
95 8
+10 2
212 1
105 1
-2 1
-3 1
+2 1
+3 1
-4 2
+92 4
-1 1
-87 3
+3 3
+1 2
+1 2
+4 3
+4 3
+3 3
+1 2
+4 1
+1 4
+58 3
+2 4
-56 4
+1 2
+3 4
+3 2
+1 8
+5 4
+2 4
+5 4
+14 2
-1 4
+2 2
fe=(2)
1174 1
-5 1
+5 2
-5 2
+30 1
-9 1
+27 1
-27 1
+2 1
-3 1
+10 2
-20 2
-10 1
+10 1
+1 9
-11 2
+57 4
-1 4
+1 8
-1 4
+2 8
+1 1
+2 12
+1 14
+4 8
+1 8
+1 4
+1 10
+1 1
+4 1
-74 1
+74 2
-74 2
+74 3
-74 3
+74 6
-74 6
fi=(30)
165 2
fe=(2)
1271 1
1169 1
1271 1
1169 2
1294 1
+3 2
+2 1
-5 2
+3 2
+2 2
+2 2
1662 3
+2 1
-1 1
+1 2
+1 2
-2 1
+2 1
-2 2
cfi=(32)
cfn=(90)
calls=1 108 
* 34
* 2
+7 1
+3 1
-5 1
+3 1
+2 1
+1 2
+4 2
+2 2
fi=(3)
39 3
+6 1
-2 1
+2 2
+9 1
+5 1
+3 1
+2 1
-3 1
-3 1
-3 17
+13 5
-23 20
+23 22
-23 88
+4 54
+5 24
+2 5
+16 3
+25 3
+5 2
+7 2
+1 3
+22 3
+5 2
+2 2
+2 2
+2 2
+1 1
+3 3
+2 3
+1 2
+9 2
+6 2
+1 2
+3 2
fe=(2)
1688 3
+7 2
cfi=(8)
cfn=(14)
calls=1 25 
* 29
+3 2
fi=(33) ./elf/./setup-vdso.h
24 2
fi=(35) ./elf/../sysdeps/unix/sysv/linux/dl-vdso-setup.h
+21 1
fe=(2)
1723 1
cfi=(13)
cfn=(100)
calls=1 46 
* 90
* 8
fi=(37) ./elf/./dl-main.h
109 5
cfi=(31)
cfn=(106)
calls=1 706 
* 2926
fe=(2)
1731 3
cfi=(46)
cfn=(146)
calls=1 56 
* 30
+7 1
-7 1
+2 1
+5 1
+4 1
+3 1
-3 3
+1 2
+3 1
+5 1
-7 1
+7 1
+1 3
+12 2
+1 2
+5 1
-3 2
+2 1
+1 2
+5 3
+1 5
-1 2
233 1
-1 1
+1 3
+1 2
-2 1
+2 2
1793 2
+5 1
-1 1
+1 1
+24 1
cfi=(47)
cfn=(148)
calls=1 197 
* 6
* 1
fi=(48) ./elf/../sysdeps/generic/dl-debug.h
29 3
+1 2
fe=(2)
1828 2
+1 1
cfi=(46)
cfn=(152)
calls=1 116 
* 2
+1 1
+4 3
cfi=(49)
cfn=(154)
calls=1 28 
* 16
+5 3
+2 1
+2 2
+9 2
+16 4
cfi=(65)
cfn=(208)
calls=1 25 
* 9
* 2
+76 4
+16 3
85 1
1970 1
85 2
1970 2
85 1
1970 5
cfi=(66)
cfn=(210)
calls=1 159 
* 14452
92 1
1976 1
92 2
+9 2
1976 2
+1 5
-1 4
+1 8
-1 16
+4 4
+1 3
+1 1
+2 2
+1 4
-1 13
+1 12
+12 3
+1 2
+2 1
+2 3
+2 1
-4 1
+5 1
-1 2
+14 2
+1 2
+1 3
+11 2
+2 1
-2 1
+2 2
-2 1
+1 2
+1 1
-1 2
+1 1
cfi=(52)
cfn=(248)
calls=1 238 
* 6877
+10 2
+1 2
+3 2
862 1
fi=(243) ./elf/../sysdeps/unix/sysv/linux/dl-osinfo.h
64 2
fe=(2)
864 1
+6 1
+3 1
+7 1
-5 1
2052 3
2282 3
1778 2
+6 1
-6 2
+6 1
+2 3
fi=(30)
198 4
+2 1
+1 1
+2 1
-3 3
+3 1
fi=(3)
59 4
+3 4
+2 4
fi=(34) ./elf/../sysdeps/unix/sysv/linux/dl-vdso.h
-24 1
+1 2
fe=(2)
2331 1
1325 1
2342 1
-4 2
+10 1
-6 1
+6 1
+3 2
+8 1
fi=(30)
36 1
fe=(2)
2359 1
fi=(30)
37 3
+3 1
+13 7
-13 4
+9 8
-9 1
+9 25
+4 20
-16 15
+34 3
cfi=(76)
cfn=(268)
calls=1 252 
* 30
fe=(2)
2361 2
+54 3
+3 1
85 4
2422 1
+1 22
+2 10
+5 10
+2 10
+6 5
+2 15
+1 32
cfi=(77)
cfn=(270)
calls=4 194 
* 92754
+4 12
+1 2
-23 1
+23 1
cfi=(47)
cfn=(412)
calls=1 1015 
* 28
-23 6
92 3
+1 1
2454 1
93 1
2454 1
+5 4
+2 1
+7 3
cfi=(47)
cfn=(482)
calls=1 528 
* 146
+3 2
fi=(3)
72 2
+10 3
+1 4
+1 4
+1 4
+2 4
+5 4
+1 4
+1 5
fi=(35)
-64 3
+3 1
+3 1
+3 1
fi=(34)
+16 2
fe=(2)
2434 1
+1 1
-3 2
+49 3
+2 4
+10 1
cfi=(148) ./elf/./elf/dl-find_object.c
cfn=(484) _dl_find_object_init
calls=1 561 
* 713
+5 2
cfi=(7)
cfn=(492)
calls=1 76 
* 2548
+3 1
cfi=(152)
cfn=(500)
calls=1 30 
* 415
85 1
2507 1
+1 3
85 3
2508 2
cfi=(77)
cfn=(270)
calls=1 194 
* 5070
92 3
+9 2
2516 3
cfi=(154)
cfn=(506)
calls=1 27 
* 1353
+7 1
cfi=(9)
cfn=(532)
calls=1 262 
* 2
+4 3
cfi=(49)
cfn=(534)
calls=1 40 
* 21
+5 2
cfi=(46)
cfn=(186)
calls=1 38 
* 7
+1 1
-1 1
+2 1
cfi=(46)
cfn=(152)
calls=1 116 
* 2
+1 1
+4 1
cfi=(68)
cfn=(536)
calls=1 537 
* 18
+5 8
1741 4
1995 2
+50 2
cfn=(256)
calls=1 756 
* 789
* 2
2726 4
+2 2
+1 1
+46 2
+2 1
+1 1
-1 1
+1 1
+1 1
85 1
1847 1
85 2
1847 1
85 1
1847 2
cfn=(156) handle_preload_list
calls=1 894 
* 3107
* 1
92 3
+9 3
1948 16
+1 1
-1 1
+4 3
+1 1
+1 2
+1 2
-7 2
fi=(30)
170 3
-39 2
fe=(2)

fn=(156)
894 10
+5 1
-5 2
+5 2
+6 1
-64 1
+54 3
+7 3
cfi=(50)
cfn=(158)
calls=1 25 
* 233
* 1
+1 3
+9 1
191 1
914 2
191 2
916 2
-80 1
+5 5
-10 1
+8 1
-4 1
+1 1
+1 1
+4 1
cob=(2)
cfi=(51)
cfn=(160)
calls=1 0 
* 2784
+1 3
+8 3
+67 1
-18 2
+21 9
-15 4
cfi=(29)
cfn=(80)
calls=1 212 
* 19
+1 2

fn=(170)
663 2
+2 1
-2 1
+2 1
+1 2
-1 2
+1 3
cfi=(31)
cfn=(172)
calls=1 2022 
* 2683
* 1
+2 2

fn=(250)
696 3
+2 4
cfi=(74)
cfn=(252)
calls=1 361 
* 6849
* 2
+4 2

fl=(163)
fn=(542)
77 12
+1 1
+1 1
+3 3
+8 2
+25 1
+1 5
+1 2
-86 4
+86 8
-86 16
+2 26
cfn=(544) call_init.part.0
calls=4 -7 
* 271
+83 15
+7 8
-92 4
+2 6
cfn=(544)
calls=1 -7 
* 61
+52 2

fn=(544)
26 40
+13 5
-13 5
+16 5
-3 10
+3 10
+5 8
+8 12
+1 12
cob=(2)
cfi=(51)
cfn=(574)
calls=1 -56 
* 7
cob=(2)
cfi=(51)
cfn=(546)
calls=1 -56 
* 26
+3 4
+1 8
+6 4
+2 4
-2 2
+3 13
+1 4
cob=(3)
cfi=(168)
cfn=(572)
calls=1 +13 
* 12
* 8
cob=(4)
cfi=(169)
cfn=(578)
calls=1 -70 
* 12
cob=(3)
cfi=(165)
cfn=(564)
calls=1 -24 
* 80
-1 9
+3 30
-29 2

fl=(148)
fn=(484)
561 4
+3 1
+2 2
+13 1
cfn=(488) _dlfo_process_initial
calls=1 474 
* 95
+1 1
-1 1
+1 1
fi=(28)
56 1
cfi=(27)
cfn=(76)
calls=1 -21 
* 25
fe=(148)
580 1
fi=(28)
56 1
fe=(148)
582 2
+3 2
+5 1
+1 1
cfn=(488)
calls=1 474 
* 358
+3 3
+10 4
-37 2
cfi=(149)
cfn=(486)
calls=1 95 
* 68
* 1
+29 2
cfn=(490) _dlfo_sort_mappings
calls=1 -60 
* 128
+3 6
+2 1

fn=(488)
474 2
+3 2
-3 2
+1 2
+3 4
+26 14
+1 6
+1 10
-1 20
+3 36
+3 32
-7 10
+25 2
+2 8
-18 24
+3 8
-1 8
cfi=(149)
cfn=(486)
calls=4 95 
* 247
+2 16

fn=(490)
536 1
+1 2
+3 4
+4 1
+1 1
-1 1
+1 2
-1 2
+1 2
-1 2
+1 10
+1 36
-1 18
+8 9
+1 6
-1 3
-13 6
+14 9
+1 6
-15 6
+17 1

fl=(39)
fn=(110)
29 1
fi=(18)
+2 1
fe=(39)
+7 1
fi=(18)
-7 2
-1 2
fe=(39)
+22 1
fi=(18)
-20 3
+4 1
fe=(39)
+2 1
fi=(18)
-2 2
+3 4
+1 4
+5 1
fe=(39)
-7 1
fi=(18)
+7 3
fe=(39)
-2 1
fi=(18)
+5 2
+1 3
+2 4
+1 2
+1 2
+6 1
fe=(39)
-11 1
fi=(18)
+11 1
-3 2
fe=(39)

fl=(59)
fn=(192)
153 28
-55 28
+70 33
+1 5
-2 18
+1 18

ob=(6)
fl=(201) /media/nick/D/CEID/7_ΕΞΑΜΗΝΟ/ΛΟΓΙΣΜΙΚΟ_ΚΑΙ_ΠΡΟΓΡΑΜΜΑΤΙΣΜΟΣ_ΣΥΣΤΗΜΑΤΩΝ_ΥΨΗΛΗΣ_ΕΠΙΔΟΣΗΣ/ΑΣΚΗΣΕΙΣ/project/myknn-main/func.c
fn=(750) insert_sorted_knn_list
224 5368709120
+2 1073741824
-2 2147483648
+7 1073741824
-7 3221225472
+7 3221225472
+1 2147483648
+1 5368709120
-1 10736694396
+1 33283825012
+4 12884178044
+1 967005
-7 1934010
+14 396928
+14 8586954936
-18 6441122017
-10 12882244034
+14 2147086720
+9 1862285
+1 372457
fi=(244) /usr/include/x86_64-linux-gnu/bits/string_fortified.h
36 372457
fe=(201)
254 372457
+1 744914
-1 744914
fi=(244)
36 372457
cob=(2)
cfi=(51)
cfn=(752)
calls=372457 -36 
* 9456447
fe=(201)
255 744914
fi=(244)
36 744914
cob=(2)
cfi=(51)
cfn=(752)
calls=372457 -36 
* 7093041
fe=(201)
256 744914
+1 372457
+2 2979656

fl=(177)
fn=(746) find_knn_value.constprop.0
17 8192
fi=(201)
267 1024
fe=(177)
22 2048
-5 4096
fi=(201)
267 11264
+1 5120
-2 2048
+2 158720
-2 66560
+10 1024
132 2048
278 4096
-4 1024
132 50176
276 1073740800
132 2147481600
278 4294963200
-4 1073740800
132 55834532864
278 1024
cfn=(750)
calls=1024 -54 
* 169984
132 8589926400
278 1073740800
cfn=(750)
calls=1073740800 -54 
* 110614531530
-4 2147487744
fe=(177)
28 3072
-1 3072
+1 95232
-1 95232
fi=(201)
292 66560
+3 1024
fe=(177)
43 10240

fn=(618)
46 7
+2 1
-2 6
+2 1
cob=(2)
cfi=(51)
cfn=(620)
calls=1 -48 
* 1811
+1 1
-1 1
+1 1
cob=(2)
cfi=(51)
cfn=(620)
calls=1 -49 
* 346
+2 2
+9 1
-3 1
+1 2
+2 1
cob=(2)
cfi=(51)
cfn=(620)
calls=1 -60 
* 292
+1 1
-1 1
+1 1
cob=(2)
cfi=(51)
cfn=(620)
calls=1 -61 
* 292
* 1
+1 1
-1 2
+1 3670020
+2 4
cob=(2)
cfi=(51)
cfn=(650)
calls=1 -64 
* 616
fi=(192) /usr/include/x86_64-linux-gnu/bits/stdio2.h
293 4
fe=(177)
64 1
fi=(192)
293 1
cob=(2)
cfi=(51)
cfn=(682)
calls=1 0 
* 479
fe=(177)
66 2
fi=(192)
293 5
cob=(2)
cfi=(51)
cfn=(682)
calls=1 0 
* 167
fe=(177)
72 2
+7 2
cob=(2)
cfi=(51)
cfn=(708)
calls=1 -79 
* 568
+2 3
cob=(2)
cfi=(51)
cfn=(650)
calls=1 -81 
* 476
fi=(192)
293 4
fe=(177)
81 1
fi=(192)
293 1
cob=(2)
cfi=(51)
cfn=(682)
calls=1 0 
* 479
fe=(177)
83 2
fi=(192)
293 5
cob=(2)
cfi=(51)
cfn=(682)
calls=1 0 
* 167
fe=(177)
89 2
+7 1
+2 2
-2 1
cob=(2)
cfi=(51)
cfn=(708)
calls=1 -96 
* 568
+2 3
cob=(2)
cfi=(51)
cfn=(650)
calls=1 -98 
* 465
+4 1
-1 1
-3 1
+6 3
-4 4
fi=(201)
-86 3
cob=(2)
cfi=(51)
cfn=(740)
calls=1 -14 
* 10
* 3069
cob=(2)
cfi=(51)
cfn=(740)
calls=1023 -14 
* 10230
+1 2048
fe=(177)
+91 1024
fi=(201)
-91 2048
fe=(177)
+91 1024
fi=(201)
-91 2048
fe=(177)
+91 3072
fi=(201)
-91 2048
fe=(177)
+91 1024
cfn=(746)
calls=1024 -89 
* 186850908618
fi=(201)
-92 2048
fe=(177)
+92 1024
fi=(201)
-92 1024
cob=(2)
cfi=(51)
cfn=(740)
calls=1024 -14 
* 10240
+1 2048
fe=(177)
+93 1024
fi=(201)
-93 4096
fe=(177)
+93 3072
+1 2049
+2 5
+2 1
fi=(192)
-8 5
fe=(177)
+8 1
fi=(192)
-8 1
cob=(2)
cfi=(51)
cfn=(756)
calls=1 0 
* 1960
fe=(177)
+6 5115
+2 1023
fi=(192)
-8 5115
fe=(177)
+8 1023
fi=(192)
-8 1023
cob=(2)
cfi=(51)
cfn=(756)
calls=1023 0 
* 1611569
* 76800
fe=(177)
+8 15360
fi=(192)
-8 15360
cob=(2)
cfi=(51)
cfn=(756)
calls=15360 0 
* 25916372
fe=(177)
+8 32768
+3 2048
fi=(192)
-11 4096
fe=(177)
-1 1024
+12 5120
fi=(192)
-11 2048
cob=(2)
cfi=(51)
cfn=(756)
calls=1024 0 
* 6161993
fe=(177)
+13 3072
-14 2048
+17 2
cob=(2)
cfi=(51)
cfn=(708)
calls=1 0 
* 687
+2 2
fi=(201)
-18 1
fe=(177)
+18 3
fi=(201)
-17 3584
+2 1
+15 3
+1 4608
fi=(192)
-12 6
cob=(2)
cfi=(51)
cfn=(824)
calls=1 0 
* 1929
* 2
fe=(177)
+17 2
fi=(192)
-17 2
cob=(2)
cfi=(51)
cfn=(824)
calls=1 0 
* 2016
* 5
cob=(2)
cfi=(51)
cfn=(824)
calls=1 0 
* 2328
fi=(201)
+14 2
fi=(192)
-14 1
fi=(201)
+14 1
fi=(192)
-14 2
fe=(177)
+14 3
fi=(192)
-14 2
cob=(2)
cfi=(51)
cfn=(824)
calls=1 0 
* 2588
fe=(177)
+21 1
fi=(192)
-21 1
fe=(177)
+21 1
fi=(192)
-21 2
fe=(177)
+21 1
+1 1
fi=(192)
-22 1
fe=(177)
+22 1
fi=(192)
-22 2
cob=(2)
cfi=(51)
cfn=(824)
calls=1 0 
* 4699
* 5
cob=(2)
cfi=(51)
cfn=(824)
calls=1 0 
* 4026
fe=(177)
+25 2
fi=(192)
-25 6
cob=(2)
cfi=(51)
cfn=(824)
calls=1 0 
* 4776
fe=(177)
+26 1
fi=(192)
-26 1
fe=(177)
+26 1
fi=(192)
-26 1
fe=(177)
+26 1
fi=(192)
-26 2
cob=(2)
cfi=(51)
cfn=(824)
calls=1 0 
* 4013
fe=(177)
+29 12

fl=(170)
fn=(586)
0 12
cob=(3)
cfi=(171)
cfn=(588)
calls=1 242 
0 186888542715

fn=(858) 0x0000000000001780
0 5

fn=(598)
0 12

fn=(842)
0 9
cob=(2)
cfi=(51)
cfn=(848)
calls=1 0 
0 74
0 1
cfn=(858)
calls=1 0 
0 5
0 3

totals: 186888725405
